2 0.752344 0.604167 0.254687 0.2 0.900631
3 0.694642 0.663329 0.014326 0.019632 0.729029
3 0.678525 0.600453 0.013132 0.021224 0.788587
3 0.678127 0.55827 0.013132 0.022816 0.798651
3 0.678724 0.64237 0.01353 0.021224 0.798655
3 0.69305 0.536781 0.015122 0.021224 0.803623
3 0.67932 0.62035 0.012336 0.020693 0.806237
3 0.693249 0.621677 0.014724 0.020163 0.813788
3 0.678724 0.685083 0.01353 0.020693 0.814226
3 0.693249 0.578698 0.01552 0.020163 0.819261
3 0.710758 0.642901 0.013928 0.021224 0.820826
3 0.678525 0.53572 0.012336 0.022285 0.821136
3 0.710161 0.600453 0.014326 0.020163 0.822784
3 0.694442 0.685348 0.013928 0.020163 0.824716
3 0.678326 0.578433 0.01353 0.021755 0.827477
3 0.678923 0.663063 0.01552 0.021224 0.829882
3 0.710957 0.685083 0.014326 0.021755 0.832233
3 0.709963 0.55827 0.014724 0.020693 0.832565
3 0.71056 0.535454 0.014326 0.020693 0.835983
3 0.693845 0.643696 0.01353 0.020693 0.83764
3 0.711156 0.578433 0.013928 0.019632 0.838233
3 0.711355 0.620615 0.01353 0.020163 0.840795
3 0.693249 0.600718 0.013132 0.021755 0.853503
3 0.692851 0.558801 0.013928 0.021755 0.865481
2 0.53125 0.8 0.221875 0.220833 0.914517
3 0.62156 0.794453 0.014214 0.019414 0.720279
3 0.508716 0.793529 0.013867 0.020339 0.727604
3 0.446833 0.836979 0.013521 0.01849 0.748186
3 0.621213 0.835593 0.013521 0.01849 0.759711
3 0.509062 0.814098 0.013867 0.019876 0.7656
3 0.446833 0.750309 0.013521 0.018027 0.769321
3 0.52501 0.814792 0.014561 0.01849 0.790231
3 0.44666 0.815485 0.013867 0.018952 0.790635
3 0.508889 0.836055 0.014214 0.021263 0.799622
3 0.524836 0.794453 0.014214 0.020339 0.80407
3 0.524316 0.835823 0.013867 0.019876 0.806287
3 0.52449 0.858242 0.013521 0.021263 0.807423
3 0.44666 0.772497 0.015947 0.021725 0.82099
3 0.557078 0.815023 0.014907 0.017103 0.821505
3 0.556558 0.751234 0.013174 0.021725 0.821976
3 0.508716 0.858242 0.013867 0.021263 0.824162
3 0.557251 0.793066 0.013867 0.01849 0.825107
3 0.525703 0.901462 0.015947 0.017103 0.827313
3 0.508196 0.751927 0.014907 0.022187 0.827413
3 0.524663 0.880198 0.013174 0.021725 0.82906
3 0.573198 0.792835 0.014561 0.018952 0.831275
3 0.509409 0.772266 0.015254 0.017565 0.834155
3 0.588972 0.792604 0.013521 0.01849 0.834628
3 0.446833 0.794684 0.015601 0.020801 0.836438
3 0.62156 0.85778 0.014214 0.019414 0.836961
3 0.572678 0.814561 0.014907 0.018027 0.837627
3 0.540957 0.815023 0.015947 0.018027 0.840349
3 0.493462 0.815023 0.013867 0.019876 0.845108
3 0.541304 0.836286 0.015254 0.018027 0.845861
3 0.493462 0.793529 0.013867 0.020339 0.84655
3 0.493809 0.836286 0.014561 0.019876 0.847022
3 0.510623 0.901462 0.014214 0.018952 0.848236
3 0.461914 0.858242 0.014561 0.020339 0.848435
3 0.557251 0.836286 0.015254 0.018027 0.848654
3 0.462087 0.836517 0.014907 0.020339 0.850275
3 0.589319 0.836517 0.015601 0.020339 0.853887
3 0.573025 0.836055 0.015601 0.020339 0.854007
3 0.541304 0.794453 0.014561 0.019414 0.856032
3 0.478035 0.814792 0.013521 0.019414 0.857028
3 0.461741 0.751003 0.014214 0.022187 0.857355
3 0.589319 0.879736 0.014907 0.020801 0.857895
3 0.572678 0.751465 0.014214 0.022187 0.858039
3 0.462261 0.815023 0.013867 0.019876 0.858159
3 0.541304 0.900999 0.014561 0.019876 0.859283
3 0.604573 0.793529 0.013521 0.019414 0.85941
3 0.573718 0.879736 0.014214 0.018027 0.859642
3 0.478208 0.836286 0.015254 0.020801 0.860056
3 0.589146 0.814561 0.013867 0.019876 0.860324
3 0.461741 0.879968 0.014907 0.021263 0.861624
3 0.494155 0.900999 0.014561 0.019876 0.861751
3 0.605266 0.836517 0.014214 0.019414 0.862012
3 0.573372 0.85778 0.014907 0.019414 0.862209
3 0.510796 0.879736 0.014561 0.019876 0.862236
3 0.494155 0.879968 0.013867 0.020339 0.863065
3 0.574585 0.900999 0.014561 0.019876 0.863325
3 0.461914 0.900999 0.013867 0.019876 0.865017
3 0.447007 0.85778 0.014561 0.019414 0.866295
3 0.541304 0.879968 0.013867 0.020339 0.866698
3 0.589146 0.900768 0.013867 0.020339 0.866724
3 0.604919 0.814561 0.013521 0.019876 0.866921
3 0.605093 0.750309 0.014561 0.018952 0.867013
3 0.556731 0.771803 0.014214 0.019414 0.867542
3 0.478208 0.793298 0.013867 0.018952 0.86766
3 0.477515 0.858011 0.013867 0.019876 0.868023
3 0.557771 0.857549 0.014214 0.019876 0.868344
3 0.572678 0.771803 0.014214 0.019414 0.868396
3 0.589319 0.85778 0.014907 0.021263 0.868608
3 0.447007 0.879968 0.013867 0.01849 0.869301
3 0.494155 0.772497 0.013867 0.018952 0.869516
3 0.462261 0.79376 0.014561 0.020801 0.869793
3 0.588626 0.771572 0.014214 0.019876 0.871587
3 0.604399 0.771803 0.013174 0.020339 0.871733
3 0.54113 0.85778 0.014214 0.020339 0.871944
3 0.477515 0.751696 0.014561 0.020801 0.872097
3 0.52449 0.75054 0.014214 0.019414 0.873304
3 0.477515 0.879736 0.013867 0.020801 0.876541
3 0.621907 0.900999 0.014907 0.019876 0.878146
3 0.477515 0.900768 0.014561 0.020339 0.878654
3 0.493982 0.857549 0.014214 0.019876 0.883109
3 0.494155 0.75054 0.013867 0.017565 0.883411
3 0.461741 0.772266 0.015601 0.021263 0.883579
3 0.588452 0.75054 0.013867 0.019414 0.886127
3 0.524663 0.772034 0.014561 0.018027 0.886471
3 0.54061 0.771803 0.013867 0.01849 0.886676
3 0.621733 0.879736 0.014561 0.019876 0.887365
3 0.44718 0.900768 0.015601 0.020339 0.888375
3 0.541304 0.750309 0.014561 0.019876 0.888412
3 0.605093 0.85778 0.013867 0.020339 0.891193
3 0.605093 0.900999 0.014561 0.019876 0.8931
3 0.477861 0.772034 0.014561 0.019876 0.89615
3 0.558118 0.90123 0.014907 0.019414 0.900853
3 0.605093 0.879736 0.014561 0.020801 0.900971
3 0.557944 0.879736 0.014561 0.019876 0.902048
2 0.310156 0.605208 0.232812 0.19375 0.929076
3 0.212302 0.646193 0.012368 0.016006 0.734559
3 0.212302 0.583867 0.011641 0.014551 0.736865
3 0.228308 0.603268 0.011641 0.017461 0.756292
3 0.21212 0.626307 0.010549 0.014066 0.76344
3 0.227581 0.562526 0.012368 0.018431 0.768453
3 0.337984 0.580714 0.013459 0.018916 0.7698
3 0.227581 0.582654 0.013096 0.016976 0.775385
3 0.276689 0.665836 0.013096 0.016491 0.778114
3 0.212302 0.688632 0.011641 0.016491 0.778623
3 0.228672 0.541912 0.012368 0.017946 0.781294
3 0.227399 0.688632 0.012732 0.018431 0.791822
3 0.227762 0.645708 0.013459 0.017946 0.796982
3 0.213212 0.666321 0.009822 0.016491 0.797192
3 0.338348 0.686935 0.014187 0.018916 0.802853
3 0.338894 0.623881 0.013823 0.017946 0.804588
3 0.291604 0.581199 0.013823 0.019886 0.806
3 0.291058 0.644495 0.014187 0.017461 0.807752
3 0.276689 0.623396 0.013096 0.015036 0.809438
3 0.243768 0.687905 0.012732 0.018916 0.810009
3 0.213212 0.603025 0.012732 0.017946 0.817046
3 0.275962 0.580957 0.013096 0.017461 0.81779
3 0.276144 0.644495 0.012004 0.017461 0.820118
3 0.338712 0.665594 0.012732 0.018916 0.822692
3 0.275598 0.687662 0.013823 0.018431 0.822982
3 0.30761 0.581442 0.013823 0.017461 0.823362
3 0.227217 0.625579 0.012368 0.018431 0.826948
3 0.24395 0.582654 0.014551 0.016976 0.828611
3 0.243768 0.625094 0.013459 0.018431 0.830302
3 0.260138 0.623881 0.014187 0.017946 0.83093
3 0.338894 0.561071 0.013823 0.018431 0.831248
3 0.386911 0.685722 0.013096 0.018431 0.833239
3 0.33853 0.603268 0.013096 0.019401 0.83399
3 0.244496 0.666564 0.013459 0.018916 0.834391
3 0.291058 0.623881 0.013459 0.018916 0.835278
3 0.307428 0.644252 0.013459 0.017946 0.840734
3 0.307428 0.602783 0.013459 0.018431 0.847118
3 0.259774 0.581442 0.014187 0.016491 0.847507
3 0.245042 0.603753 0.014551 0.019401 0.847557
3 0.307428 0.539972 0.014187 0.018916 0.847718
3 0.323616 0.539972 0.014551 0.016976 0.851664
3 0.259774 0.68742 0.014187 0.017946 0.852494
3 0.245223 0.541427 0.014915 0.018916 0.853891
3 0.276871 0.560828 0.014187 0.016976 0.85429
3 0.260138 0.540215 0.014187 0.019401 0.855023
3 0.307792 0.622911 0.014915 0.018916 0.856069
3 0.323434 0.580714 0.013459 0.017946 0.856667
3 0.29124 0.540942 0.013096 0.020856 0.857683
3 0.307246 0.686692 0.014551 0.018431 0.860266
3 0.260138 0.645223 0.014187 0.017946 0.862868
3 0.323616 0.64401 0.013096 0.017461 0.863108
3 0.259774 0.603025 0.014187 0.020856 0.863206
3 0.259774 0.665836 0.014187 0.019401 0.864227
3 0.30761 0.665351 0.013823 0.018431 0.865493
3 0.291058 0.665836 0.013459 0.019401 0.866276
3 0.258864 0.561313 0.013096 0.017946 0.86638
3 0.323434 0.622911 0.014915 0.018916 0.868377
3 0.323797 0.68645 0.014915 0.018916 0.868611
3 0.277053 0.541427 0.014551 0.016976 0.87256
3 0.322706 0.60351 0.013459 0.017946 0.872582
3 0.290694 0.688147 0.014187 0.020371 0.873734
3 0.290694 0.60351 0.013459 0.018916 0.877977
3 0.291604 0.560586 0.016006 0.018431 0.878882
3 0.245042 0.561313 0.013823 0.016006 0.882171
3 0.277053 0.60351 0.013823 0.016976 0.882238
3 0.322706 0.665836 0.013459 0.018431 0.882655
3 0.30761 0.560586 0.015278 0.018431 0.885724
3 0.245223 0.646193 0.015642 0.019886 0.887558
3 0.323252 0.560101 0.014551 0.018431 0.889652
