2 0.757031 0.403125 0.245312 0.185417 0.888458
3 0.755689 0.346141 0.014949 0.017887 0.759194
3 0.676346 0.410024 0.011882 0.019932 0.76431
3 0.853239 0.471097 0.011499 0.016354 0.770223
3 0.67673 0.451421 0.011882 0.018909 0.770973
3 0.708352 0.346397 0.012266 0.018398 0.776209
3 0.756456 0.451165 0.012649 0.019421 0.797501
3 0.676538 0.431489 0.013032 0.019932 0.800053
3 0.70816 0.367606 0.012649 0.018909 0.8009
3 0.692637 0.4297 0.016099 0.018398 0.801232
3 0.676155 0.473652 0.013032 0.020443 0.811249
3 0.709119 0.471608 0.013799 0.018398 0.811285
3 0.675771 0.368884 0.012266 0.020443 0.813148
3 0.708735 0.325187 0.014565 0.018909 0.813561
3 0.709119 0.409769 0.014565 0.019421 0.814499
3 0.67558 0.326465 0.011882 0.022487 0.815252
3 0.756264 0.387793 0.013799 0.018398 0.816357
3 0.740549 0.34563 0.012266 0.017887 0.816774
3 0.69302 0.472119 0.013799 0.017376 0.8174
3 0.755881 0.473141 0.013799 0.020443 0.818105
3 0.772938 0.472119 0.014182 0.019421 0.818172
3 0.692445 0.367861 0.013416 0.018398 0.819848
3 0.756073 0.409769 0.013416 0.019421 0.820242
3 0.740357 0.4297 0.015715 0.018398 0.82083
3 0.803985 0.386771 0.014949 0.017376 0.822246
3 0.80456 0.451165 0.013799 0.019421 0.822933
3 0.709885 0.389071 0.014565 0.016865 0.824172
3 0.789228 0.472119 0.013032 0.019421 0.825213
3 0.755881 0.324932 0.014565 0.020443 0.825331
3 0.740741 0.366584 0.013416 0.017887 0.825487
3 0.724067 0.34563 0.014565 0.018909 0.825698
3 0.772555 0.408747 0.013416 0.019421 0.8257
3 0.692637 0.325698 0.013799 0.019932 0.827149
3 0.741124 0.472119 0.013416 0.018398 0.827715
3 0.693403 0.450654 0.013032 0.019421 0.828206
3 0.755881 0.430467 0.014565 0.018909 0.82823
3 0.709119 0.430467 0.013799 0.018909 0.829336
3 0.755881 0.367861 0.013032 0.019421 0.830273
3 0.675963 0.389071 0.012649 0.019932 0.831937
3 0.804943 0.344097 0.015332 0.018909 0.833024
3 0.692253 0.346652 0.013799 0.018909 0.833918
3 0.724259 0.47263 0.013416 0.018398 0.835862
3 0.772555 0.366584 0.014182 0.019932 0.837998
3 0.692445 0.387793 0.014182 0.018398 0.839456
3 0.725025 0.450654 0.014182 0.019421 0.840669
3 0.788845 0.344608 0.013799 0.018909 0.841041
3 0.692828 0.409258 0.014182 0.020443 0.842919
3 0.724067 0.387537 0.015332 0.017887 0.84363
3 0.724067 0.367861 0.013032 0.018398 0.84424
3 0.804369 0.472375 0.015715 0.018909 0.8445
3 0.708735 0.450399 0.012266 0.018909 0.844511
3 0.772746 0.345119 0.014565 0.019932 0.846073
3 0.676346 0.347419 0.015715 0.019421 0.847286
3 0.725217 0.430467 0.014565 0.017887 0.848049
3 0.788845 0.387026 0.013032 0.017887 0.848427
3 0.804177 0.429445 0.016099 0.018909 0.848969
3 0.772171 0.323654 0.014949 0.021976 0.850081
3 0.804177 0.409002 0.013799 0.017887 0.852341
3 0.789037 0.450399 0.013416 0.019932 0.853709
3 0.725217 0.409769 0.015332 0.019421 0.85374
3 0.724067 0.324421 0.014565 0.018398 0.854354
3 0.740741 0.450399 0.013416 0.018909 0.854455
3 0.773513 0.450399 0.015332 0.019932 0.854547
3 0.772746 0.387537 0.014565 0.018909 0.855348
3 0.741124 0.324165 0.014182 0.018909 0.855671
3 0.804177 0.365817 0.014565 0.018398 0.855774
3 0.78942 0.365817 0.015715 0.018398 0.856081
3 0.740357 0.388049 0.014182 0.017887 0.860267
3 0.789611 0.32391 0.014565 0.018398 0.860465
3 0.740166 0.408747 0.014565 0.019421 0.866727
3 0.772746 0.4297 0.016099 0.019421 0.867865
3 0.789611 0.409513 0.015332 0.018909 0.869402
3 0.788653 0.430212 0.014182 0.019421 0.878259
2 0.753906 0.803125 0.242188 0.222917 0.903241
3 0.855701 0.752921 0.011353 0.01766 0.713868
3 0.856647 0.816748 0.013245 0.019173 0.766649
3 0.858539 0.773104 0.015515 0.020687 0.799956
3 0.858539 0.85787 0.014758 0.020687 0.805696
3 0.857593 0.880575 0.015137 0.019678 0.80828
3 0.857214 0.901766 0.015137 0.01766 0.810785
3 0.679736 0.751156 0.012866 0.022201 0.81724
3 0.841131 0.75166 0.012488 0.020182 0.830905
3 0.824481 0.752417 0.012488 0.020687 0.833328
3 0.82486 0.880322 0.014001 0.021191 0.841053
3 0.825427 0.858374 0.015137 0.021696 0.846101
3 0.858728 0.837687 0.015894 0.020687 0.849463
3 0.841888 0.88007 0.014758 0.021696 0.855055
3 0.825616 0.901514 0.015515 0.020182 0.856684
3 0.841699 0.85787 0.015137 0.020687 0.857484
3 0.825427 0.837183 0.01665 0.019678 0.861453
3 0.84151 0.793791 0.015515 0.019678 0.867129
3 0.841699 0.816244 0.015137 0.020182 0.867133
3 0.825238 0.793538 0.016272 0.022201 0.872845
3 0.84151 0.837435 0.014758 0.020182 0.87725
3 0.840942 0.772599 0.013623 0.020687 0.878081
3 0.824292 0.816496 0.015894 0.022705 0.882393
3 0.84151 0.901514 0.014001 0.021191 0.889172
