2 0.75625 0.403125 0.240625 0.189583 0.880531
3 0.677295 0.450749 0.012783 0.018047 0.750275
3 0.676543 0.410143 0.012031 0.019049 0.792286
3 0.805127 0.429443 0.014287 0.017546 0.795648
3 0.709065 0.367282 0.013911 0.018548 0.807971
3 0.725044 0.450749 0.014287 0.018047 0.809124
3 0.805127 0.365527 0.014287 0.018047 0.81399
3 0.693274 0.430446 0.013911 0.017546 0.815821
3 0.804939 0.386833 0.013911 0.018548 0.816093
3 0.708877 0.345977 0.012783 0.020052 0.818046
3 0.708877 0.450999 0.011279 0.017546 0.818539
3 0.773357 0.450498 0.014663 0.019551 0.818855
3 0.740647 0.429193 0.016919 0.019049 0.820569
3 0.75719 0.366781 0.014663 0.017546 0.821373
3 0.677295 0.345977 0.015039 0.022057 0.821854
3 0.709065 0.389339 0.013911 0.017546 0.82322
3 0.692898 0.450749 0.012407 0.018047 0.823649
3 0.693086 0.367532 0.012783 0.019049 0.823693
3 0.708689 0.409391 0.012407 0.019551 0.824124
3 0.805127 0.408389 0.014287 0.017546 0.82546
3 0.756814 0.472806 0.013911 0.020052 0.828558
3 0.741023 0.450999 0.013159 0.018548 0.829558
3 0.757002 0.387334 0.012783 0.017546 0.830499
3 0.772605 0.387585 0.014663 0.018047 0.831714
3 0.724104 0.388086 0.013159 0.018047 0.832426
3 0.758318 0.325173 0.015415 0.020553 0.835809
3 0.724292 0.367031 0.012783 0.019049 0.835882
3 0.741023 0.366279 0.013911 0.019551 0.836496
3 0.75719 0.450498 0.012407 0.018548 0.836637
3 0.676355 0.368034 0.012407 0.020052 0.837113
3 0.756814 0.345475 0.013911 0.019049 0.837898
3 0.805691 0.471553 0.015415 0.018548 0.83865
3 0.75719 0.429945 0.014663 0.020553 0.838662
3 0.805691 0.450498 0.013911 0.018548 0.83867
3 0.724292 0.473307 0.012783 0.020052 0.838704
3 0.692898 0.472305 0.012407 0.019049 0.839021
3 0.692898 0.387585 0.013159 0.018047 0.839735
3 0.676731 0.431198 0.013159 0.020052 0.840425
3 0.740835 0.387585 0.013535 0.018047 0.840627
3 0.693274 0.345977 0.013911 0.021055 0.841278
3 0.709253 0.430195 0.013535 0.019049 0.843132
3 0.789712 0.450498 0.014287 0.019551 0.845406
3 0.740835 0.472555 0.013535 0.019551 0.845439
3 0.772229 0.323669 0.013911 0.018548 0.845834
3 0.708877 0.473307 0.013535 0.017044 0.845872
3 0.806255 0.345225 0.015039 0.020553 0.847383
3 0.788772 0.408639 0.013911 0.019049 0.847496
3 0.725044 0.409642 0.014287 0.019049 0.848347
3 0.693086 0.409141 0.014287 0.020052 0.85091
3 0.676355 0.473558 0.013159 0.019551 0.852729
3 0.724292 0.430697 0.013535 0.019049 0.852806
3 0.789148 0.387083 0.013159 0.020052 0.854561
3 0.724856 0.345475 0.014663 0.018047 0.856768
3 0.78896 0.323669 0.012783 0.019551 0.857525
3 0.789148 0.472054 0.014663 0.020553 0.857962
3 0.772417 0.409391 0.012783 0.020553 0.858359
3 0.740835 0.408639 0.015039 0.019049 0.858614
3 0.724104 0.324671 0.014663 0.019551 0.858693
3 0.741211 0.32417 0.014287 0.019551 0.859518
3 0.789336 0.429193 0.015039 0.020052 0.859742
3 0.676355 0.388838 0.013159 0.018548 0.859787
3 0.789148 0.365277 0.015415 0.019551 0.8616
3 0.740835 0.345225 0.015039 0.019551 0.86438
3 0.677295 0.325173 0.016543 0.020553 0.865805
3 0.788772 0.344723 0.014663 0.019551 0.868282
3 0.772041 0.366781 0.015039 0.019551 0.870894
3 0.692522 0.324671 0.015415 0.020553 0.872924
3 0.710005 0.325423 0.014287 0.017044 0.875317
3 0.773169 0.345726 0.014287 0.019551 0.876476
3 0.773169 0.429694 0.014287 0.019049 0.877749
3 0.772229 0.473307 0.013911 0.021055 0.881883
3 0.75813 0.409642 0.015039 0.018047 0.883157
2 0.529688 0.797917 0.215625 0.220833 0.893418
2 0.753906 0.801042 0.235938 0.222917 0.896447
3 0.85676 0.75238 0.014746 0.017695 0.745791
3 0.841645 0.88018 0.015483 0.019661 0.766986
3 0.856576 0.794652 0.01364 0.017695 0.791465
3 0.857129 0.774253 0.014009 0.020153 0.79289
3 0.68036 0.751888 0.01364 0.020645 0.797739
3 0.824319 0.752134 0.013272 0.021136 0.805167
3 0.824319 0.794652 0.016221 0.021628 0.822054
3 0.840908 0.815788 0.014009 0.020645 0.823138
3 0.857866 0.816034 0.013272 0.01917 0.830312
3 0.825056 0.815542 0.014746 0.021136 0.833408
3 0.857129 0.901561 0.014009 0.01917 0.842655
3 0.857313 0.837907 0.015115 0.019661 0.843227
3 0.857497 0.88018 0.014746 0.018678 0.8459
3 0.841277 0.752134 0.015483 0.023102 0.85017
3 0.857313 0.859043 0.014377 0.020645 0.854741
3 0.826715 0.901561 0.015852 0.022119 0.857491
3 0.825978 0.88018 0.014377 0.019661 0.862042
3 0.841092 0.772041 0.015115 0.021628 0.864148
3 0.840908 0.838399 0.014746 0.020645 0.867555
3 0.826346 0.837907 0.016589 0.018678 0.875145
3 0.826531 0.859781 0.015483 0.01917 0.881879
3 0.841092 0.795144 0.014377 0.020645 0.887008
3 0.841461 0.858552 0.015115 0.020645 0.888439
3 0.841277 0.901807 0.015483 0.021628 0.906687
