2 0.754687 0.604167 0.246875 0.195833 0.902673
3 0.85633 0.684659 0.012729 0.015944 0.746837
3 0.740993 0.57948 0.015044 0.017487 0.753063
3 0.677539 0.558392 0.012344 0.016458 0.779485
3 0.693354 0.559164 0.012344 0.018001 0.790461
3 0.741572 0.621654 0.013115 0.018516 0.793258
3 0.678117 0.600824 0.012729 0.018001 0.796054
3 0.741958 0.643255 0.013115 0.019544 0.805155
3 0.790561 0.685687 0.013115 0.020059 0.807016
3 0.694125 0.600567 0.013115 0.018516 0.807416
3 0.710327 0.68543 0.013887 0.020573 0.810991
3 0.806762 0.663829 0.01543 0.018516 0.813652
3 0.774167 0.558392 0.015044 0.018516 0.816737
3 0.677731 0.578708 0.012729 0.01903 0.819505
3 0.77436 0.600567 0.013887 0.018516 0.823692
3 0.743308 0.664343 0.015044 0.019544 0.825245
3 0.725756 0.558135 0.013887 0.01903 0.826283
3 0.740607 0.536791 0.015044 0.019544 0.827909
3 0.693933 0.537048 0.012729 0.015944 0.828881
3 0.740993 0.559421 0.013501 0.019544 0.829241
3 0.773588 0.537048 0.013115 0.020059 0.830296
3 0.790368 0.664343 0.014272 0.018516 0.831069
3 0.725949 0.578965 0.012729 0.018516 0.831418
3 0.774167 0.578708 0.012729 0.018001 0.831571
3 0.709169 0.57948 0.014658 0.018516 0.832339
3 0.741379 0.601338 0.013501 0.020059 0.833235
3 0.677924 0.62114 0.014658 0.017487 0.834744
3 0.806376 0.558649 0.014658 0.018001 0.834877
3 0.709748 0.536534 0.014272 0.020059 0.835963
3 0.790561 0.578451 0.014658 0.019544 0.836997
3 0.757773 0.558392 0.013887 0.018516 0.837679
3 0.69374 0.578451 0.012344 0.018516 0.837747
3 0.694125 0.620882 0.012344 0.018001 0.840329
3 0.694125 0.685173 0.013887 0.020059 0.840631
3 0.757773 0.578708 0.013887 0.01903 0.841816
3 0.677539 0.536534 0.013887 0.021087 0.842008
3 0.709555 0.621397 0.01543 0.01903 0.843268
3 0.806762 0.643513 0.014658 0.01903 0.843446
3 0.726142 0.600567 0.013887 0.018516 0.844926
3 0.806955 0.68543 0.014272 0.019544 0.845272
3 0.75758 0.600567 0.014272 0.018516 0.845873
3 0.726142 0.664086 0.016201 0.01903 0.846337
3 0.709362 0.558392 0.013501 0.017487 0.847184
3 0.775131 0.664343 0.014658 0.018516 0.847573
3 0.678889 0.68543 0.015044 0.020573 0.847716
3 0.727299 0.684916 0.01543 0.020573 0.850226
3 0.806376 0.578965 0.013115 0.018516 0.851883
3 0.743501 0.685173 0.013887 0.020059 0.855279
3 0.775131 0.684659 0.014658 0.01903 0.857394
3 0.789982 0.536534 0.015044 0.021087 0.85768
3 0.806569 0.600567 0.015815 0.019544 0.859977
3 0.710134 0.664086 0.016587 0.01903 0.861048
3 0.758159 0.621397 0.013887 0.01903 0.862493
3 0.709362 0.601081 0.013501 0.018516 0.862974
3 0.726335 0.642741 0.014272 0.019544 0.863503
3 0.725178 0.536276 0.013501 0.020573 0.866828
3 0.759316 0.68543 0.013887 0.020573 0.867488
3 0.709362 0.64377 0.014272 0.019544 0.867873
3 0.726142 0.621654 0.013887 0.018516 0.86793
3 0.69374 0.64377 0.013887 0.018516 0.868084
3 0.757773 0.536276 0.014658 0.020573 0.868341
3 0.789789 0.557878 0.01543 0.021602 0.869105
3 0.789597 0.601338 0.013501 0.01903 0.87069
3 0.693933 0.664343 0.013501 0.019544 0.871875
3 0.790754 0.62294 0.015815 0.020059 0.872728
3 0.806376 0.622168 0.014658 0.018516 0.872779
3 0.774553 0.621911 0.013501 0.01903 0.875148
3 0.758737 0.64377 0.015044 0.019544 0.877221
3 0.774167 0.64377 0.014272 0.019544 0.877641
3 0.758737 0.6646 0.015044 0.020059 0.878752
3 0.790754 0.644027 0.015044 0.020059 0.888783
3 0.678503 0.664343 0.014272 0.018516 0.889839
3 0.67831 0.643513 0.013887 0.016973 0.890165
2 0.309375 0.605208 0.2375 0.189583 0.923743
3 0.211963 0.603724 0.015957 0.020781 0.711991
3 0.213076 0.623268 0.014473 0.019297 0.728923
3 0.212334 0.68858 0.015215 0.017318 0.732538
3 0.243877 0.645286 0.014473 0.019792 0.744171
3 0.213262 0.64677 0.014844 0.021771 0.762938
3 0.244433 0.580963 0.014102 0.017812 0.766737
3 0.244248 0.540143 0.01373 0.020286 0.776978
3 0.243506 0.687591 0.015215 0.021276 0.783265
3 0.243692 0.624505 0.015586 0.020781 0.800894
3 0.213262 0.66681 0.014844 0.021276 0.801204
3 0.228291 0.561419 0.014473 0.019297 0.801785
3 0.244063 0.561171 0.016328 0.019792 0.807493
3 0.228291 0.539895 0.015215 0.02276 0.809607
3 0.385635 0.686849 0.015957 0.019792 0.826296
3 0.22792 0.687838 0.014473 0.018802 0.829937
3 0.24332 0.603229 0.014844 0.019792 0.835074
3 0.22792 0.624505 0.015215 0.018802 0.841564
3 0.228291 0.581458 0.014473 0.018802 0.866567
3 0.228106 0.645781 0.014102 0.018802 0.876382
3 0.228291 0.667057 0.015215 0.021771 0.894606
3 0.228477 0.603476 0.015586 0.021276 0.899865
