2 0.528906 0.797917 0.217187 0.2125 0.874816
2 0.313281 0.809375 0.232812 0.20625 0.890865
3 0.385489 0.756265 0.012732 0.022796 0.804958
3 0.353659 0.757235 0.014551 0.020856 0.812518
3 0.385307 0.776636 0.015278 0.021826 0.812716
3 0.353477 0.86297 0.014915 0.021826 0.821245
3 0.353841 0.821016 0.014915 0.021341 0.822446
3 0.354751 0.905895 0.016006 0.018431 0.83044
3 0.385671 0.819561 0.014551 0.021341 0.832121
3 0.353659 0.842599 0.014551 0.020856 0.83263
3 0.386398 0.905653 0.015278 0.018916 0.836373
3 0.385853 0.841387 0.014915 0.020371 0.850398
3 0.353477 0.799674 0.014915 0.023281 0.851613
3 0.385307 0.799189 0.015278 0.021341 0.85625
3 0.385671 0.884554 0.015278 0.020371 0.863658
3 0.353841 0.884554 0.015642 0.022311 0.865725
3 0.385853 0.862 0.014915 0.020856 0.868633
3 0.370393 0.777121 0.014551 0.019886 0.872405
3 0.369665 0.756265 0.015278 0.021826 0.876242
3 0.370393 0.819803 0.014551 0.018916 0.883983
3 0.370393 0.904682 0.015278 0.019886 0.885769
3 0.36912 0.884796 0.014187 0.019886 0.893993
3 0.370393 0.842842 0.015278 0.019401 0.894319
3 0.370393 0.862485 0.014551 0.018916 0.895043
3 0.370575 0.799917 0.015642 0.020856 0.897361
