1 0.283594 0.171875 0.242188 0.247917 0.750073
1 0.528125 0.59375 0.234375 0.1875 0.760067
2 0.308594 0.807292 0.226562 0.20625 0.908862
3 0.227881 0.75726 0.011328 0.01888 0.717674
3 0.211774 0.905469 0.013806 0.017936 0.742858
3 0.212836 0.798796 0.011682 0.016992 0.766941
3 0.276203 0.862516 0.013806 0.016992 0.778775
3 0.290717 0.79974 0.014514 0.017936 0.780518
3 0.274964 0.904997 0.012036 0.016992 0.78487
3 0.385767 0.907357 0.012036 0.015104 0.793605
3 0.227704 0.799504 0.013098 0.017464 0.794261
3 0.227704 0.777556 0.01239 0.016992 0.803545
3 0.306824 0.77732 0.012744 0.017464 0.809261
3 0.226996 0.905705 0.013098 0.01652 0.809848
3 0.243104 0.905469 0.012744 0.016048 0.810438
3 0.21142 0.843164 0.01239 0.019824 0.813958
3 0.243457 0.863932 0.012744 0.017936 0.81429
3 0.290186 0.904761 0.012744 0.018408 0.814294
3 0.306293 0.905233 0.013098 0.01652 0.815211
3 0.275495 0.799504 0.011682 0.018408 0.816272
3 0.211066 0.864404 0.01239 0.019824 0.817979
3 0.307355 0.799032 0.013098 0.018408 0.8235
3 0.290009 0.863696 0.01239 0.019352 0.82481
3 0.210712 0.820744 0.01239 0.017464 0.827172
3 0.338507 0.8198 0.01239 0.017464 0.82748
3 0.322754 0.820036 0.012036 0.017936 0.828468
3 0.290363 0.820744 0.01239 0.018408 0.83537
3 0.211243 0.884937 0.012036 0.017464 0.835663
3 0.24505 0.756552 0.014514 0.019352 0.835819
3 0.339569 0.798088 0.013098 0.017464 0.835968
3 0.323285 0.798324 0.013806 0.01888 0.836515
3 0.291248 0.778736 0.014868 0.018408 0.836595
3 0.323108 0.777084 0.012744 0.016992 0.837444
3 0.259565 0.863461 0.013098 0.017936 0.838045
3 0.338507 0.905233 0.01239 0.015576 0.839984
3 0.339215 0.841512 0.013098 0.017464 0.840436
3 0.322577 0.841276 0.013806 0.01888 0.841225
3 0.275141 0.84222 0.013098 0.017936 0.841455
3 0.260095 0.757024 0.013452 0.018408 0.843172
3 0.307709 0.820744 0.014514 0.020296 0.843388
3 0.322931 0.862988 0.013806 0.017936 0.844074
3 0.243811 0.884465 0.01416 0.017464 0.845011
3 0.243634 0.842456 0.013098 0.018408 0.84599
3 0.243457 0.79974 0.012744 0.017936 0.846182
3 0.243634 0.821216 0.013806 0.018408 0.849113
3 0.339569 0.777084 0.01239 0.017936 0.849971
3 0.259034 0.905469 0.012744 0.016048 0.850333
3 0.290186 0.842928 0.013452 0.020296 0.854231
3 0.3224 0.905469 0.012744 0.016992 0.857188
3 0.293195 0.756552 0.013806 0.01652 0.857558
3 0.276026 0.756316 0.014868 0.019824 0.858195
3 0.259742 0.842456 0.013452 0.018408 0.861426
3 0.338861 0.862516 0.013806 0.01888 0.862329
3 0.259388 0.820508 0.013452 0.019824 0.863057
3 0.228058 0.862753 0.013098 0.01652 0.863332
3 0.228235 0.82098 0.013452 0.01888 0.865648
3 0.259565 0.799032 0.013098 0.018408 0.865999
3 0.259565 0.7785 0.013098 0.01888 0.870351
3 0.322931 0.884229 0.013806 0.017936 0.870424
3 0.259034 0.884701 0.01416 0.016992 0.870842
3 0.245404 0.778972 0.015222 0.020768 0.871587
3 0.275849 0.778028 0.01239 0.01888 0.873809
3 0.323462 0.755844 0.013452 0.01888 0.874126
3 0.290717 0.884937 0.013806 0.019352 0.8749
3 0.306647 0.842456 0.013098 0.018408 0.879092
3 0.276557 0.884937 0.014514 0.017464 0.879303
3 0.338153 0.884465 0.013806 0.017464 0.885835
3 0.228412 0.8434 0.014514 0.018408 0.890187
3 0.228412 0.884937 0.014514 0.019352 0.890719
3 0.27638 0.82098 0.01416 0.017936 0.89301
3 0.307709 0.862753 0.013098 0.01652 0.895159
3 0.307178 0.756552 0.01416 0.019352 0.903948
3 0.307709 0.884937 0.015222 0.019352 0.909882
2 0.529688 0.801042 0.215625 0.21875 0.910255
3 0.542164 0.903809 0.01333 0.013216 0.731285
3 0.557545 0.903353 0.014697 0.014128 0.73495
3 0.589332 0.903809 0.014697 0.013216 0.748075
3 0.620093 0.778939 0.012646 0.019596 0.749712
3 0.573267 0.903581 0.015381 0.013672 0.753691
3 0.620606 0.80013 0.012988 0.018229 0.771093
3 0.477393 0.903353 0.014355 0.014128 0.780975
3 0.446631 0.799447 0.013672 0.018685 0.794239
3 0.524903 0.903353 0.012988 0.014128 0.798491
3 0.445435 0.904037 0.015381 0.01276 0.798886
3 0.620777 0.821094 0.012646 0.018229 0.80012
3 0.604542 0.903353 0.013672 0.014128 0.801064
3 0.556348 0.75638 0.013672 0.021875 0.803497
3 0.50918 0.903353 0.014355 0.014128 0.806806
3 0.540626 0.799447 0.012988 0.019596 0.812965
3 0.445777 0.819271 0.017432 0.020052 0.813134
3 0.493458 0.903353 0.014355 0.014128 0.816818
3 0.461329 0.903581 0.014355 0.013672 0.818749
3 0.556177 0.821094 0.01333 0.021875 0.819437
3 0.445777 0.842286 0.011963 0.020508 0.819878
3 0.556177 0.842741 0.01333 0.022331 0.820603
3 0.462012 0.820866 0.013672 0.021419 0.822691
3 0.556348 0.799675 0.013672 0.020964 0.823871
3 0.572584 0.886263 0.01333 0.022787 0.824344
3 0.621631 0.865072 0.013672 0.018685 0.825899
3 0.620606 0.904037 0.014355 0.01276 0.8267
3 0.557373 0.885808 0.015039 0.017318 0.827997
3 0.541309 0.842286 0.014355 0.018685 0.828053
3 0.542164 0.821094 0.014014 0.019141 0.830871
3 0.556177 0.778028 0.015381 0.019596 0.831218
3 0.556348 0.864388 0.013672 0.021875 0.833027
3 0.540796 0.777572 0.014014 0.019596 0.833046
3 0.525928 0.842969 0.014355 0.019141 0.837837
3 0.461671 0.842513 0.013672 0.021875 0.838365
3 0.540455 0.756153 0.014014 0.021419 0.838542
3 0.572242 0.799447 0.014014 0.021419 0.838814
3 0.572412 0.821322 0.013672 0.020508 0.839078
3 0.571729 0.842741 0.012988 0.023242 0.839646
3 0.509693 0.842513 0.014014 0.020964 0.840272
3 0.54148 0.863933 0.014697 0.019141 0.840364
3 0.541651 0.885352 0.014355 0.019141 0.841189
3 0.588477 0.886491 0.012988 0.022331 0.841278
3 0.572071 0.864844 0.013672 0.022787 0.843271
3 0.604883 0.755925 0.014355 0.020964 0.845045
3 0.621631 0.886947 0.014355 0.019596 0.845387
3 0.525757 0.886036 0.01333 0.020508 0.845422
3 0.588135 0.864388 0.013672 0.022787 0.846432
3 0.525928 0.821322 0.014355 0.019596 0.84646
3 0.493628 0.886036 0.01333 0.021419 0.84653
3 0.493799 0.842513 0.013672 0.020964 0.846629
3 0.493628 0.799219 0.014014 0.019141 0.847084
3 0.493116 0.777572 0.013672 0.020508 0.847605
3 0.525074 0.75638 0.014014 0.020052 0.848368
3 0.44646 0.755697 0.014014 0.018685 0.848493
3 0.572242 0.756153 0.01333 0.020508 0.84935
3 0.621631 0.843197 0.013672 0.018685 0.850474
3 0.604371 0.886036 0.012646 0.020508 0.850694
3 0.477735 0.820638 0.013672 0.020964 0.85144
3 0.493628 0.820638 0.014014 0.020964 0.852699
3 0.525928 0.799447 0.014355 0.019596 0.852824
3 0.462183 0.88558 0.016748 0.018685 0.853358
3 0.445606 0.864161 0.012305 0.021419 0.854177
3 0.461329 0.863933 0.014355 0.022787 0.854499
3 0.477735 0.842286 0.013672 0.022331 0.855531
3 0.463038 0.799219 0.015039 0.020964 0.855729
3 0.509522 0.863933 0.014355 0.020964 0.855794
3 0.478077 0.885808 0.016406 0.019141 0.858461
3 0.572242 0.7778 0.014014 0.020964 0.859521
3 0.462183 0.755925 0.014697 0.020964 0.859766
3 0.477906 0.798991 0.014014 0.020508 0.860005
3 0.525928 0.864844 0.014355 0.020052 0.860726
3 0.509693 0.885808 0.014014 0.021875 0.860746
3 0.588819 0.842969 0.014355 0.020964 0.860899
3 0.525928 0.777572 0.014355 0.019596 0.86134
3 0.493116 0.755697 0.013672 0.020508 0.861982
3 0.604371 0.864616 0.01333 0.021419 0.862332
3 0.509522 0.799447 0.013672 0.019596 0.862998
3 0.509522 0.821322 0.013672 0.019596 0.863194
3 0.477735 0.75638 0.014355 0.020964 0.864112
3 0.477735 0.777572 0.015039 0.021419 0.866974
3 0.477564 0.863933 0.014014 0.021875 0.867208
3 0.445606 0.885808 0.013672 0.020964 0.86783
3 0.605225 0.843197 0.014355 0.019596 0.867991
3 0.605225 0.777572 0.015039 0.021419 0.868208
3 0.493799 0.864161 0.014355 0.022331 0.871073
3 0.605225 0.799447 0.014355 0.019596 0.87386
3 0.509522 0.777572 0.014355 0.020508 0.874874
3 0.58899 0.799447 0.014697 0.021419 0.879617
3 0.588819 0.821322 0.014355 0.020508 0.885419
3 0.463038 0.777572 0.015039 0.020508 0.888265
3 0.588819 0.755925 0.014355 0.020964 0.892417
3 0.605225 0.821322 0.014355 0.019596 0.893475
3 0.509522 0.755925 0.014355 0.020052 0.894094
3 0.588819 0.7778 0.014355 0.020964 0.894158
2 0.753125 0.605208 0.25 0.197917 0.918297
3 0.679688 0.585416 0.013281 0.021875 0.778201
3 0.679297 0.56302 0.0125 0.021875 0.813836
3 0.679102 0.628125 0.013672 0.01875 0.817038
3 0.711328 0.690885 0.014844 0.021354 0.817284
3 0.680078 0.542968 0.016406 0.019271 0.817568
3 0.711133 0.543229 0.014453 0.019792 0.823431
3 0.711719 0.585156 0.014844 0.020313 0.841955
3 0.694727 0.605989 0.014453 0.020313 0.846223
3 0.679688 0.605729 0.0125 0.020833 0.846469
3 0.694336 0.563802 0.014453 0.021354 0.85989
3 0.694727 0.543229 0.013672 0.020833 0.864829
3 0.710352 0.628385 0.014453 0.020313 0.864991
3 0.711133 0.563541 0.013672 0.019792 0.86711
3 0.695703 0.691145 0.015625 0.021875 0.867686
3 0.694531 0.585416 0.014063 0.020833 0.867807
3 0.711719 0.648697 0.014844 0.020313 0.87243
3 0.711328 0.605989 0.013281 0.020313 0.876537
3 0.679102 0.670052 0.013672 0.020313 0.879457
3 0.678906 0.649479 0.013281 0.01875 0.884605
3 0.695899 0.628385 0.016016 0.021354 0.894149
3 0.678906 0.691145 0.013281 0.019792 0.901255
3 0.695899 0.670312 0.016016 0.021875 0.902208
3 0.695899 0.649218 0.016016 0.021354 0.909251
