1 0.738281 0.628125 0.245312 0.214583 0.771864
0 0.5375 0.808333 0.190625 0.216667 0.8206
2 0.303906 0.815625 0.229687 0.24375 0.912301
3 0.242207 0.702383 0.015234 0.017266 0.771579
3 0.253823 0.831875 0.014854 0.018281 0.777136
3 0.284673 0.897129 0.015615 0.017773 0.778539
3 0.334946 0.812324 0.01333 0.02082 0.779592
3 0.226591 0.703398 0.012949 0.019297 0.798611
3 0.334184 0.833652 0.01333 0.021836 0.804616
3 0.285244 0.854727 0.013711 0.020312 0.809193
3 0.303716 0.768652 0.014854 0.02082 0.811957
3 0.25706 0.809785 0.015234 0.019805 0.819651
3 0.287339 0.875039 0.014854 0.019297 0.821715
3 0.286767 0.832383 0.012949 0.020312 0.824929
3 0.302192 0.811816 0.01333 0.021836 0.828895
3 0.238017 0.915918 0.014473 0.018789 0.829386
3 0.222212 0.852188 0.014854 0.019297 0.830699
3 0.272104 0.810039 0.015615 0.020312 0.831759
3 0.302764 0.789727 0.014473 0.021328 0.832786
3 0.240303 0.766621 0.015234 0.02082 0.833229
3 0.333232 0.854727 0.013711 0.020312 0.833592
3 0.31895 0.811562 0.014092 0.021328 0.835909
3 0.271342 0.831113 0.014854 0.02082 0.836574
3 0.337422 0.704414 0.014473 0.019297 0.840419
3 0.364653 0.89916 0.014854 0.02082 0.840965
3 0.239922 0.788203 0.014473 0.020312 0.841305
3 0.317427 0.896875 0.014092 0.020312 0.841711
3 0.363891 0.920488 0.015615 0.022852 0.842501
3 0.365034 0.878086 0.014854 0.021328 0.843464
3 0.332471 0.87707 0.013711 0.022344 0.844291
3 0.287339 0.810293 0.014854 0.018789 0.84466
3 0.302573 0.875039 0.015615 0.020312 0.84592
3 0.22126 0.91541 0.015996 0.019805 0.847128
3 0.302383 0.832891 0.015234 0.018281 0.848611
3 0.271723 0.767383 0.015615 0.020312 0.849208
3 0.257251 0.789219 0.016377 0.022344 0.849874
3 0.30124 0.896875 0.015234 0.020312 0.849927
3 0.366938 0.812832 0.015615 0.021836 0.851628
3 0.365415 0.855488 0.01333 0.021836 0.852617
3 0.320092 0.789219 0.014854 0.021328 0.854503
3 0.23916 0.830352 0.014473 0.021328 0.854573
3 0.269819 0.895605 0.014854 0.021836 0.856176
3 0.36751 0.769668 0.015234 0.023867 0.857306
3 0.349228 0.87707 0.014473 0.021328 0.859034
3 0.22164 0.89459 0.015234 0.02082 0.859186
3 0.318188 0.919473 0.016377 0.022852 0.859226
3 0.350371 0.854727 0.014473 0.020312 0.859774
3 0.238779 0.852695 0.015234 0.020312 0.860331
3 0.300669 0.918457 0.014854 0.021836 0.860672
3 0.252871 0.917695 0.015996 0.022344 0.861222
3 0.317998 0.875293 0.014473 0.018789 0.861752
3 0.31895 0.832891 0.014854 0.020312 0.861846
3 0.321045 0.704922 0.013711 0.018281 0.862154
3 0.351704 0.813594 0.015615 0.020312 0.863516
3 0.2881 0.767637 0.015615 0.021836 0.864391
3 0.222021 0.87377 0.015234 0.019805 0.865176
3 0.319712 0.768652 0.015615 0.021836 0.865677
3 0.284101 0.919219 0.015234 0.024375 0.866515
3 0.253061 0.853965 0.014092 0.021836 0.86774
3 0.2702 0.853711 0.014854 0.021328 0.867865
3 0.367319 0.790996 0.017139 0.02082 0.868635
3 0.23935 0.809531 0.015615 0.020312 0.8742
3 0.34999 0.833399 0.014473 0.019297 0.876367
3 0.256679 0.766875 0.015234 0.021328 0.877142
3 0.317998 0.854219 0.014473 0.020312 0.877244
3 0.28772 0.789473 0.015615 0.022852 0.879822
3 0.336279 0.789981 0.015234 0.019805 0.880108
3 0.269629 0.917695 0.016758 0.022344 0.884321
3 0.366748 0.834414 0.014473 0.019297 0.884816
3 0.269629 0.874785 0.015996 0.019805 0.885952
3 0.253823 0.895351 0.015615 0.021328 0.88764
3 0.275341 0.70416 0.015234 0.018789 0.891614
3 0.304858 0.704668 0.01333 0.018789 0.891649
3 0.349038 0.898652 0.014854 0.02082 0.891739
3 0.238398 0.874277 0.014473 0.018789 0.892149
3 0.351323 0.789981 0.015615 0.02082 0.893769
3 0.257441 0.704414 0.015234 0.020312 0.894098
3 0.351513 0.769414 0.014473 0.020312 0.894512
3 0.254204 0.874785 0.016377 0.021836 0.89531
3 0.333423 0.89916 0.016377 0.02082 0.895747
3 0.272485 0.789473 0.016377 0.021836 0.896186
3 0.33647 0.769414 0.015615 0.021328 0.896362
3 0.238779 0.895351 0.015996 0.021328 0.900458
3 0.348467 0.919726 0.015234 0.022344 0.901035
3 0.302954 0.854727 0.015615 0.020312 0.908546
3 0.333232 0.919473 0.015996 0.021836 0.910281
3 0.290766 0.704414 0.014854 0.018281 0.914128
2 0.309375 0.61875 0.234375 0.204167 0.916369
3 0.226794 0.660986 0.012817 0.01709 0.736289
3 0.226062 0.702979 0.012085 0.019043 0.75408
3 0.338306 0.641211 0.012451 0.017578 0.755624
3 0.290698 0.619482 0.013916 0.018066 0.769071
3 0.243274 0.618994 0.01355 0.016113 0.776168
3 0.243091 0.660498 0.013916 0.018066 0.798276
3 0.245105 0.555274 0.012085 0.019531 0.800388
3 0.229175 0.640234 0.013916 0.017578 0.803241
3 0.354785 0.578711 0.013184 0.018555 0.803973
3 0.337024 0.704932 0.015015 0.01709 0.805647
3 0.273669 0.703467 0.01355 0.019043 0.807358
3 0.291064 0.598975 0.013916 0.019043 0.808301
3 0.32146 0.704443 0.013184 0.018066 0.809606
3 0.242542 0.681738 0.01355 0.016602 0.811877
3 0.274219 0.662207 0.013916 0.019531 0.811917
3 0.259936 0.61875 0.013916 0.017578 0.816125
3 0.30791 0.557227 0.014648 0.017578 0.822783
3 0.273486 0.682959 0.013916 0.018066 0.822977
3 0.241992 0.702246 0.013184 0.018555 0.823547
3 0.244372 0.577734 0.01355 0.019531 0.827798
3 0.33977 0.599951 0.013916 0.018066 0.832298
3 0.2896 0.703955 0.013916 0.019043 0.834343
3 0.243457 0.598242 0.014648 0.018555 0.835286
3 0.275317 0.597998 0.013916 0.019043 0.837116
3 0.322742 0.661963 0.014282 0.018066 0.839461
3 0.308276 0.577734 0.014648 0.018555 0.84201
3 0.290149 0.640478 0.012817 0.019043 0.844088
3 0.306628 0.661963 0.01355 0.019043 0.844667
3 0.243091 0.639746 0.012451 0.017578 0.844808
3 0.290149 0.662451 0.012817 0.02002 0.846184
3 0.261585 0.577979 0.015015 0.019043 0.847533
3 0.307178 0.599463 0.014648 0.018066 0.847945
3 0.323657 0.599707 0.013916 0.018555 0.848067
3 0.339954 0.578223 0.012085 0.018555 0.849279
3 0.33739 0.66416 0.012817 0.018555 0.849381
3 0.354419 0.600684 0.012451 0.018555 0.85052
3 0.306079 0.703223 0.013916 0.018555 0.851496
3 0.276965 0.555762 0.01355 0.019531 0.852077
3 0.259021 0.66123 0.014282 0.019531 0.852518
3 0.27605 0.61875 0.013184 0.017578 0.85607
3 0.324206 0.556982 0.01355 0.02002 0.859285
3 0.261035 0.555517 0.013916 0.02002 0.859988
3 0.261401 0.597998 0.013916 0.01709 0.860397
3 0.293079 0.55625 0.012817 0.017578 0.861515
3 0.340503 0.620947 0.014648 0.016113 0.862023
3 0.305896 0.683447 0.014282 0.019043 0.863964
3 0.258105 0.682226 0.013184 0.017578 0.864099
3 0.259387 0.640234 0.015015 0.019531 0.867284
3 0.307178 0.619482 0.013916 0.018066 0.869342
3 0.354419 0.558447 0.013916 0.018066 0.869487
3 0.32439 0.577979 0.014648 0.019043 0.870897
3 0.27605 0.57749 0.014648 0.019043 0.871058
3 0.258472 0.703467 0.013916 0.019043 0.871231
3 0.307361 0.640478 0.014282 0.019043 0.872648
3 0.293628 0.577979 0.014648 0.018066 0.87279
3 0.323474 0.620215 0.014282 0.018555 0.878971
3 0.337756 0.683691 0.014282 0.017578 0.881497
3 0.322009 0.683936 0.01355 0.019043 0.882327
3 0.322559 0.640234 0.013916 0.018555 0.88311
3 0.290881 0.683447 0.015015 0.019043 0.884717
3 0.276233 0.640478 0.014282 0.018066 0.889162
3 0.339587 0.558691 0.01355 0.018555 0.896578
