1 0.532031 0.234375 0.229687 0.18125 0.769399
0 0.751562 0.4375 0.19375 0.2125 0.808538
2 0.535156 0.428125 0.223438 0.189583 0.909811
3 0.495182 0.412764 0.015012 0.015827 0.711852
3 0.574258 0.456986 0.01187 0.017689 0.784493
3 0.575829 0.415324 0.013616 0.017223 0.800441
3 0.494658 0.434176 0.013267 0.01862 0.802673
3 0.511241 0.41416 0.012918 0.01862 0.803093
3 0.573734 0.436969 0.012219 0.016758 0.803891
3 0.478424 0.476769 0.013616 0.020016 0.805644
3 0.479646 0.455589 0.013267 0.019551 0.818125
3 0.497625 0.392747 0.013616 0.016758 0.819267
3 0.590143 0.396006 0.012918 0.019551 0.820877
3 0.51159 0.372498 0.012918 0.020016 0.82223
3 0.543709 0.394144 0.013616 0.016758 0.822746
3 0.590841 0.37436 0.012918 0.020016 0.823737
3 0.544408 0.372964 0.015012 0.016292 0.825407
3 0.497625 0.370869 0.013616 0.015827 0.826038
3 0.557849 0.499579 0.013965 0.020016 0.826238
3 0.55942 0.394144 0.012918 0.01862 0.826307
3 0.512288 0.352016 0.012918 0.021878 0.826541
3 0.575829 0.393213 0.012918 0.015827 0.831136
3 0.592586 0.352249 0.012918 0.015827 0.831634
3 0.511067 0.477002 0.015361 0.016758 0.832172
3 0.511765 0.434642 0.013965 0.01862 0.837271
3 0.478075 0.497717 0.014314 0.019085 0.837567
3 0.463761 0.454891 0.014314 0.019085 0.838724
3 0.572687 0.500044 0.013616 0.020947 0.838809
3 0.527126 0.413927 0.013267 0.018154 0.841083
3 0.559071 0.435806 0.012219 0.018154 0.841871
3 0.480518 0.412531 0.011521 0.017223 0.843223
3 0.54336 0.434875 0.012918 0.018154 0.844657
3 0.527475 0.434875 0.013965 0.019085 0.844814
3 0.480867 0.433944 0.013616 0.017223 0.845222
3 0.57321 0.479097 0.012568 0.020016 0.845848
3 0.481566 0.350387 0.012219 0.020482 0.849295
3 0.559769 0.373197 0.013616 0.019551 0.85032
3 0.497625 0.351085 0.013616 0.018154 0.851394
3 0.494309 0.456288 0.013267 0.020016 0.851466
3 0.464284 0.47514 0.013267 0.016758 0.851891
3 0.481217 0.370869 0.012918 0.016758 0.851905
3 0.526603 0.477235 0.012918 0.020016 0.854701
3 0.526428 0.497717 0.012568 0.019085 0.857055
3 0.480169 0.392282 0.013616 0.017689 0.85761
3 0.558896 0.414858 0.013267 0.018154 0.85816
3 0.464284 0.497251 0.013965 0.017223 0.86086
3 0.576178 0.37436 0.014314 0.020016 0.863364
3 0.46411 0.433711 0.013616 0.01862 0.86424
3 0.527126 0.455822 0.013965 0.019085 0.864316
3 0.511241 0.39298 0.012918 0.018154 0.864368
3 0.558198 0.456288 0.012568 0.018154 0.864392
3 0.575654 0.352715 0.012568 0.01862 0.865183
3 0.543186 0.414393 0.013267 0.018154 0.867031
3 0.527475 0.372964 0.013267 0.018154 0.867729
3 0.542487 0.4777 0.015361 0.016292 0.867805
3 0.545281 0.352016 0.013965 0.018154 0.87001
3 0.511765 0.497484 0.013267 0.016758 0.870188
3 0.542662 0.49888 0.015012 0.017689 0.871603
3 0.494134 0.476071 0.014314 0.01862 0.87203
3 0.528697 0.352016 0.014314 0.019085 0.873993
3 0.560293 0.352016 0.013965 0.019085 0.874674
3 0.494658 0.497018 0.014663 0.017689 0.875228
3 0.542487 0.456055 0.013267 0.01862 0.875417
3 0.528523 0.393213 0.013965 0.017689 0.875956
3 0.511939 0.456288 0.014314 0.019085 0.88592
3 0.55942 0.478631 0.013616 0.017223 0.894751
2 0.317187 0.214583 0.240625 0.204167 0.91218
3 0.281093 0.214583 0.014287 0.019049 0.738626
3 0.280529 0.279 0.015415 0.020553 0.775139
3 0.232216 0.235387 0.013535 0.020553 0.778086
3 0.281657 0.149664 0.013159 0.020553 0.784196
3 0.231276 0.276995 0.013911 0.019551 0.784992
3 0.279777 0.258196 0.014663 0.022057 0.797508
3 0.280341 0.19403 0.015039 0.02306 0.797582
3 0.328466 0.173978 0.015791 0.019049 0.798765
3 0.296508 0.257695 0.015039 0.018047 0.804869
3 0.23184 0.256692 0.014287 0.020052 0.808425
3 0.282221 0.129612 0.014287 0.019551 0.813584
3 0.327902 0.237142 0.014663 0.022057 0.813803
3 0.248571 0.256191 0.013911 0.017044 0.816581
3 0.279589 0.23664 0.013535 0.022057 0.818176
3 0.329406 0.131116 0.014663 0.020553 0.820299
3 0.232968 0.213079 0.014287 0.021055 0.82153
3 0.375839 0.175231 0.014287 0.019551 0.821703
3 0.296884 0.215335 0.014287 0.018548 0.828579
3 0.327714 0.196035 0.014287 0.022057 0.829055
3 0.313051 0.257194 0.015039 0.020052 0.829871
3 0.312863 0.215335 0.012407 0.018548 0.831083
3 0.313051 0.195032 0.015039 0.022057 0.831375
3 0.248571 0.235387 0.013911 0.021556 0.833252
3 0.249135 0.172223 0.013535 0.020553 0.833735
3 0.361364 0.260703 0.016167 0.022057 0.834121
3 0.282973 0.172474 0.015791 0.021055 0.834223
3 0.360424 0.238395 0.012031 0.019551 0.834774
3 0.328466 0.152923 0.015791 0.022057 0.835052
3 0.375463 0.239648 0.013535 0.019049 0.836879
3 0.298012 0.23664 0.015791 0.022057 0.838125
3 0.297824 0.192776 0.015415 0.020553 0.838208
3 0.344821 0.131617 0.015415 0.021556 0.838402
3 0.264738 0.277747 0.014663 0.021055 0.83848
3 0.327714 0.21709 0.014287 0.020052 0.838887
3 0.266242 0.12861 0.013911 0.019551 0.839136
3 0.296508 0.279251 0.014287 0.020052 0.839486
3 0.344257 0.216588 0.015039 0.019049 0.839857
3 0.327338 0.259951 0.014287 0.022559 0.84115
3 0.26549 0.214583 0.014663 0.022057 0.843032
3 0.344633 0.173978 0.015039 0.021055 0.843761
3 0.265114 0.235638 0.015415 0.022057 0.843892
3 0.360612 0.174228 0.013911 0.022559 0.845719
3 0.344821 0.237894 0.014663 0.020553 0.846829
3 0.249699 0.276995 0.015415 0.021556 0.846981
3 0.249887 0.213079 0.015791 0.022057 0.847454
3 0.298012 0.12886 0.015039 0.021055 0.84812
3 0.344445 0.195784 0.014663 0.022559 0.849655
3 0.376967 0.13262 0.015791 0.021556 0.853788
3 0.250075 0.12861 0.015415 0.019551 0.853944
3 0.312299 0.279502 0.012783 0.018548 0.854338
3 0.343881 0.259951 0.014287 0.021556 0.855112
3 0.376215 0.152923 0.015039 0.021055 0.855741
3 0.297072 0.151168 0.013911 0.019551 0.856483
3 0.265866 0.149664 0.014663 0.020553 0.858545
3 0.249887 0.148912 0.015791 0.022057 0.859019
3 0.264926 0.256692 0.015791 0.021055 0.859625
3 0.361176 0.281006 0.015791 0.019551 0.860915
3 0.249887 0.192776 0.015791 0.020553 0.863463
3 0.313051 0.172724 0.015791 0.023561 0.863734
3 0.361364 0.131868 0.015415 0.020052 0.865143
3 0.264926 0.192776 0.015039 0.021556 0.867333
3 0.313615 0.130615 0.016167 0.021556 0.868838
3 0.376215 0.281256 0.015791 0.020052 0.869881
3 0.343505 0.280755 0.013535 0.020052 0.870364
3 0.376215 0.21709 0.015039 0.020052 0.873497
3 0.313427 0.15167 0.013535 0.020553 0.874475
3 0.376215 0.196787 0.015791 0.022559 0.876236
3 0.265678 0.171972 0.016543 0.02306 0.877041
3 0.346325 0.152422 0.016167 0.022057 0.8792
3 0.313051 0.236891 0.015791 0.021556 0.879987
3 0.361176 0.21709 0.015039 0.019049 0.886015
3 0.361364 0.196536 0.016167 0.021055 0.886836
3 0.361364 0.152672 0.016167 0.021556 0.890222
3 0.376403 0.260953 0.016167 0.022559 0.897991
3 0.328278 0.280755 0.016167 0.021055 0.898846
3 0.298012 0.172724 0.016543 0.022559 0.903639
