1 0.528125 0.809375 0.20625 0.20625 0.788622
2 0.745313 0.8375 0.246875 0.25 0.842582
3 0.709571 0.847917 0.015234 0.019792 0.747688
3 0.8375 0.786979 0.014063 0.020833 0.762648
3 0.787891 0.871094 0.015625 0.019271 0.777209
3 0.819922 0.872396 0.013281 0.019792 0.784036
3 0.708399 0.825261 0.013672 0.020313 0.786418
3 0.788282 0.828125 0.014063 0.020833 0.799406
3 0.820508 0.851562 0.013672 0.019792 0.807185
3 0.787696 0.85 0.014453 0.022917 0.809636
3 0.708399 0.802864 0.013672 0.020313 0.810321
3 0.738868 0.933854 0.015234 0.020833 0.813061
3 0.706836 0.889844 0.015234 0.022396 0.81484
3 0.791016 0.806511 0.015625 0.020313 0.816933
3 0.75586 0.934114 0.016406 0.018229 0.816978
3 0.819727 0.915104 0.014453 0.020833 0.819725
3 0.819532 0.894011 0.014063 0.021354 0.822296
3 0.707227 0.86875 0.014453 0.021875 0.827604
3 0.804688 0.85 0.013281 0.020833 0.828497
3 0.739453 0.911458 0.014063 0.020833 0.828581
3 0.819141 0.935938 0.015625 0.021875 0.830551
3 0.83711 0.829688 0.014063 0.01875 0.830973
3 0.724805 0.803385 0.014453 0.020313 0.833216
3 0.706641 0.911458 0.014844 0.021875 0.833922
3 0.821094 0.828385 0.0125 0.020313 0.834721
3 0.821485 0.807031 0.014844 0.020313 0.836283
3 0.772266 0.892188 0.014063 0.019792 0.837847
3 0.772266 0.935417 0.015625 0.020833 0.838936
3 0.804688 0.871094 0.014063 0.019271 0.840433
3 0.805079 0.806511 0.015625 0.020313 0.840441
3 0.836915 0.809115 0.014453 0.018229 0.840901
3 0.836133 0.936198 0.016797 0.020313 0.841624
3 0.756446 0.805208 0.015234 0.020833 0.841935
3 0.724219 0.825781 0.014844 0.022396 0.842133
3 0.772657 0.870052 0.013281 0.020313 0.84409
3 0.755274 0.912761 0.015234 0.020313 0.844865
3 0.756641 0.890365 0.014844 0.019271 0.844913
3 0.756055 0.784375 0.014453 0.023958 0.845621
3 0.709766 0.78151 0.015625 0.020313 0.846966
3 0.835938 0.914583 0.014844 0.020833 0.848147
3 0.791016 0.785417 0.015625 0.020833 0.849061
3 0.723633 0.911198 0.015234 0.021354 0.849914
3 0.741212 0.783333 0.014453 0.020833 0.850368
3 0.725391 0.890104 0.014844 0.019792 0.851553
3 0.723828 0.933073 0.016406 0.020313 0.851699
3 0.706641 0.931771 0.014844 0.019792 0.853308
3 0.805469 0.827865 0.015625 0.021354 0.853332
3 0.741016 0.803906 0.013281 0.019271 0.85348
3 0.78711 0.892969 0.014063 0.022396 0.855064
3 0.741016 0.827344 0.015625 0.021354 0.857498
3 0.772852 0.827083 0.015234 0.019792 0.857631
3 0.772266 0.848437 0.014844 0.020833 0.863564
3 0.773047 0.784115 0.014844 0.022396 0.864131
3 0.773438 0.805729 0.014844 0.019792 0.864216
3 0.756641 0.827604 0.015625 0.021875 0.864316
3 0.77168 0.913021 0.013672 0.019792 0.864922
3 0.804297 0.892708 0.014844 0.019792 0.866201
3 0.837891 0.873177 0.015625 0.020313 0.869343
3 0.691407 0.867708 0.015625 0.020833 0.870033
3 0.838086 0.852344 0.016016 0.019271 0.872097
3 0.756641 0.869531 0.014844 0.020313 0.874202
3 0.741016 0.890365 0.014844 0.018229 0.874575
3 0.691797 0.889063 0.016406 0.019792 0.874856
3 0.803516 0.935938 0.015625 0.021875 0.879371
3 0.725587 0.848177 0.015234 0.019271 0.879403
3 0.741016 0.869531 0.014844 0.020313 0.879502
3 0.838086 0.894011 0.016016 0.021354 0.880539
3 0.740626 0.847396 0.013281 0.019792 0.881299
3 0.7875 0.914323 0.015625 0.020313 0.882107
3 0.691211 0.931771 0.015234 0.020833 0.882454
3 0.725391 0.782031 0.015625 0.020313 0.885414
3 0.804102 0.914323 0.015234 0.020313 0.88676
3 0.691211 0.910937 0.015234 0.021875 0.887005
3 0.756837 0.848437 0.015234 0.019792 0.88865
3 0.725587 0.869271 0.015234 0.019792 0.889544
3 0.788087 0.935677 0.016016 0.021354 0.892794
3 0.822266 0.785938 0.015625 0.020833 0.895801
3 0.806836 0.785938 0.016016 0.020833 0.903476
0 0.316406 0.427083 0.198437 0.191667 0.891157
2 0.535156 0.428125 0.223438 0.19375 0.907747
3 0.495356 0.412996 0.013267 0.017223 0.74397
3 0.574083 0.456986 0.012219 0.017689 0.792046
3 0.574083 0.436969 0.012219 0.016758 0.792481
3 0.575829 0.415324 0.013616 0.016292 0.793755
3 0.496578 0.392747 0.013616 0.016758 0.80231
3 0.574956 0.394609 0.013267 0.016758 0.803785
3 0.478598 0.477002 0.013267 0.019551 0.805768
3 0.479995 0.412764 0.01187 0.017689 0.815006
3 0.495007 0.434642 0.012568 0.020482 0.817923
3 0.479646 0.455357 0.014663 0.017223 0.817998
3 0.591015 0.374593 0.012568 0.019551 0.82124
3 0.543709 0.372498 0.012918 0.019085 0.825415
3 0.592586 0.352016 0.012918 0.016292 0.825819
3 0.511067 0.414393 0.013965 0.018154 0.826112
3 0.543709 0.393911 0.013616 0.017223 0.826673
3 0.51159 0.372964 0.012918 0.020016 0.827026
3 0.57321 0.479097 0.012568 0.019085 0.829552
3 0.510543 0.476769 0.013616 0.017223 0.832246
3 0.480518 0.370404 0.014314 0.017689 0.83239
3 0.511939 0.351784 0.012918 0.021413 0.834276
3 0.589794 0.396239 0.012219 0.020016 0.837132
3 0.558547 0.499346 0.013267 0.01862 0.838374
3 0.52765 0.413927 0.013616 0.018154 0.839232
3 0.464284 0.454658 0.013267 0.01862 0.83966
3 0.55942 0.394609 0.013616 0.017689 0.839743
3 0.559246 0.478631 0.013267 0.017223 0.839767
3 0.558896 0.435573 0.012568 0.017689 0.840238
3 0.55942 0.373429 0.013616 0.019085 0.841296
3 0.497276 0.350853 0.013616 0.019551 0.841882
3 0.497625 0.370869 0.013616 0.016758 0.842675
3 0.527475 0.434875 0.013965 0.019085 0.845409
3 0.543011 0.435107 0.012918 0.017689 0.847968
3 0.481391 0.349922 0.012568 0.019551 0.848313
3 0.558024 0.456288 0.012918 0.018154 0.848322
3 0.51159 0.434409 0.013616 0.018154 0.849141
3 0.526428 0.497717 0.012568 0.019085 0.849201
3 0.478075 0.497717 0.014314 0.018154 0.84994
3 0.494309 0.476769 0.013267 0.019085 0.849979
3 0.572337 0.50051 0.013616 0.020947 0.851731
3 0.526603 0.477235 0.012918 0.019085 0.852689
3 0.464284 0.497018 0.013965 0.016758 0.854717
3 0.542487 0.4777 0.014663 0.017223 0.856957
3 0.494309 0.456288 0.013267 0.020016 0.857696
3 0.558896 0.414858 0.013965 0.018154 0.858649
3 0.543186 0.414858 0.014663 0.018154 0.863451
3 0.575654 0.352249 0.012568 0.017689 0.865326
3 0.511067 0.39298 0.013965 0.018154 0.865399
3 0.480693 0.392282 0.013267 0.01862 0.865513
3 0.511765 0.497251 0.013267 0.016292 0.866294
3 0.527126 0.455822 0.013965 0.019085 0.866537
3 0.481042 0.434176 0.013267 0.016758 0.866966
3 0.576003 0.37436 0.013965 0.018154 0.867493
3 0.527475 0.372731 0.013267 0.01862 0.868661
3 0.511765 0.456288 0.014663 0.019085 0.869108
3 0.464284 0.474907 0.013965 0.017223 0.869522
3 0.542662 0.49888 0.014314 0.017689 0.871463
3 0.494483 0.497018 0.014314 0.017689 0.873256
3 0.528523 0.393213 0.013267 0.016758 0.873501
3 0.528523 0.352016 0.013965 0.019085 0.876082
3 0.542138 0.456055 0.013267 0.01862 0.879584
3 0.559944 0.352249 0.013965 0.01862 0.879825
3 0.545455 0.352249 0.014314 0.01862 0.894036
3 0.464284 0.433478 0.014663 0.019085 0.899158
