2 0.753906 0.601042 0.239063 0.19375 0.885078
3 0.856255 0.686208 0.013447 0.019922 0.726877
3 0.694327 0.536296 0.013074 0.021914 0.810025
3 0.69414 0.621711 0.014941 0.02042 0.824336
3 0.679012 0.621462 0.013821 0.02291 0.834025
3 0.678452 0.558459 0.014194 0.023408 0.836416
3 0.693393 0.558708 0.014941 0.020918 0.839876
3 0.710949 0.535798 0.015689 0.021914 0.840457
3 0.696008 0.579128 0.014941 0.019922 0.841469
3 0.679199 0.684714 0.014194 0.02291 0.844786
3 0.696008 0.599548 0.014941 0.020918 0.852153
3 0.679946 0.663049 0.015689 0.022412 0.852737
3 0.696195 0.642878 0.016062 0.021914 0.853966
3 0.710015 0.621711 0.014568 0.021416 0.85456
3 0.710015 0.578132 0.013821 0.019922 0.857637
3 0.678825 0.536047 0.014941 0.023408 0.859233
3 0.679012 0.642131 0.015315 0.021416 0.862045
3 0.710389 0.68571 0.016062 0.021914 0.86216
3 0.710389 0.64238 0.015315 0.019922 0.864585
3 0.709829 0.558459 0.015689 0.02042 0.864636
3 0.679012 0.599548 0.016062 0.021914 0.865114
3 0.695634 0.684963 0.015689 0.02042 0.867962
3 0.710763 0.599548 0.015315 0.021914 0.874525
3 0.678825 0.57863 0.014941 0.021914 0.874531
3 0.696008 0.663298 0.014941 0.020918 0.903939
2 0.534375 0.601042 0.221875 0.172917 0.889989
2 0.310156 0.603125 0.232812 0.185417 0.91814
3 0.227399 0.688004 0.012732 0.015521 0.705391
3 0.212666 0.582269 0.013096 0.017461 0.70785
3 0.227944 0.604095 0.013096 0.017461 0.711009
3 0.21303 0.687762 0.011641 0.016976 0.739136
3 0.227762 0.667148 0.012732 0.017461 0.747888
3 0.213394 0.562383 0.013823 0.019401 0.756588
3 0.212302 0.667148 0.012368 0.017461 0.765252
3 0.291422 0.601913 0.013459 0.018916 0.770982
3 0.227399 0.625194 0.013459 0.017946 0.775702
3 0.338894 0.602397 0.013096 0.017946 0.787804
3 0.227762 0.583239 0.012732 0.018431 0.789829
3 0.21212 0.604823 0.012004 0.015036 0.791115
3 0.212848 0.624709 0.011277 0.017946 0.802208
3 0.244496 0.687277 0.012732 0.019886 0.802951
3 0.275416 0.666421 0.013459 0.016976 0.804201
3 0.244859 0.540314 0.013459 0.018916 0.810174
3 0.227217 0.646535 0.013096 0.019886 0.814298
3 0.275598 0.602882 0.013096 0.018916 0.816896
3 0.341076 0.644352 0.013823 0.015521 0.817315
3 0.227944 0.562625 0.013096 0.017946 0.818653
3 0.243768 0.603368 0.013459 0.016976 0.819075
3 0.307428 0.644352 0.014915 0.018431 0.823056
3 0.338894 0.624224 0.013096 0.017946 0.823651
3 0.339076 0.686792 0.013459 0.019886 0.824064
3 0.275598 0.687034 0.013096 0.019401 0.825336
3 0.24395 0.645565 0.013823 0.017946 0.827082
3 0.291058 0.539587 0.013459 0.019401 0.829842
3 0.307428 0.561413 0.013459 0.018431 0.836632
3 0.276326 0.561413 0.014551 0.017461 0.838461
3 0.276326 0.64508 0.014551 0.019886 0.839834
3 0.291058 0.561413 0.013459 0.019401 0.839902
3 0.338712 0.56117 0.013459 0.018916 0.840482
3 0.307246 0.665693 0.013096 0.017461 0.843864
3 0.307428 0.623496 0.013459 0.018431 0.844631
3 0.259956 0.687034 0.014551 0.018431 0.850149
3 0.323616 0.560443 0.014551 0.018431 0.851017
3 0.260138 0.603368 0.014187 0.016976 0.8521
3 0.307246 0.686549 0.013823 0.018431 0.852147
3 0.260683 0.539829 0.013823 0.018916 0.852451
3 0.291786 0.667391 0.014915 0.018916 0.8533
3 0.244859 0.582511 0.014187 0.017946 0.85365
3 0.276871 0.582026 0.014915 0.017946 0.853729
3 0.259956 0.624224 0.014551 0.019886 0.854448
3 0.260138 0.561413 0.014187 0.017461 0.85578
3 0.323616 0.623496 0.014551 0.018431 0.856138
3 0.308155 0.601913 0.014187 0.018916 0.857956
3 0.307973 0.539587 0.014551 0.018431 0.858858
3 0.323434 0.665208 0.012732 0.017461 0.859316
3 0.27578 0.539587 0.013459 0.018431 0.859812
3 0.277053 0.624709 0.014551 0.017946 0.860006
3 0.260138 0.645807 0.014915 0.018431 0.860756
3 0.30761 0.581784 0.015278 0.018431 0.862959
3 0.258683 0.582269 0.013459 0.018431 0.864745
3 0.386547 0.686792 0.010913 0.014066 0.865059
3 0.338348 0.582269 0.014187 0.018431 0.865381
3 0.290876 0.624466 0.013823 0.019401 0.865756
3 0.290876 0.582269 0.013823 0.019401 0.868468
3 0.245042 0.624951 0.014551 0.019401 0.86905
3 0.260138 0.666421 0.014187 0.017946 0.87064
3 0.32307 0.539344 0.013459 0.018916 0.87156
3 0.291058 0.687277 0.013459 0.019886 0.872393
3 0.323616 0.60167 0.013823 0.018431 0.873753
3 0.245042 0.667148 0.015278 0.019401 0.875341
3 0.290876 0.644595 0.014551 0.019886 0.877519
3 0.322706 0.644595 0.013459 0.019886 0.890356
3 0.245042 0.562383 0.016006 0.020371 0.890657
3 0.323252 0.581784 0.015278 0.019401 0.894518
3 0.322706 0.687034 0.013459 0.019401 0.902378
