2 0.309375 0.603125 0.228125 0.18125 0.909478
3 0.228462 0.687246 0.012119 0.016159 0.728997
3 0.213135 0.686533 0.010693 0.017585 0.729807
3 0.214382 0.540391 0.013188 0.01806 0.730315
3 0.291196 0.686533 0.013545 0.016634 0.75032
3 0.214382 0.582213 0.013188 0.017109 0.763088
3 0.213491 0.666335 0.012119 0.017109 0.775372
3 0.244858 0.687008 0.013545 0.016634 0.793137
3 0.292266 0.602174 0.012832 0.01901 0.793691
3 0.291553 0.581738 0.013545 0.01806 0.79732
3 0.228105 0.666572 0.012832 0.018535 0.799667
3 0.291196 0.64471 0.013545 0.018535 0.805013
3 0.387437 0.68582 0.011406 0.016159 0.807048
3 0.290662 0.559876 0.013188 0.01901 0.811687
3 0.227927 0.540628 0.013901 0.017585 0.815293
3 0.227927 0.645661 0.012476 0.018535 0.81733
3 0.244324 0.645423 0.013188 0.01901 0.818621
3 0.244502 0.561064 0.014258 0.017585 0.820324
3 0.245215 0.60265 0.013545 0.01806 0.822681
3 0.276582 0.644948 0.013545 0.01806 0.824632
3 0.291375 0.623799 0.013188 0.018535 0.82707
3 0.260186 0.686771 0.012119 0.017109 0.827186
3 0.228105 0.562015 0.012119 0.017585 0.827894
3 0.323633 0.643522 0.014971 0.01901 0.830323
3 0.260542 0.560589 0.014258 0.017585 0.835756
3 0.324524 0.68582 0.014614 0.01901 0.838768
3 0.323989 0.580313 0.013545 0.01806 0.843239
3 0.292087 0.539915 0.013901 0.019961 0.845301
3 0.323633 0.539678 0.014258 0.019486 0.845954
3 0.323633 0.622848 0.013545 0.018535 0.846921
3 0.228462 0.624749 0.013545 0.018535 0.847582
3 0.228462 0.582451 0.014258 0.019486 0.847778
3 0.276938 0.665859 0.014258 0.01901 0.848299
3 0.260542 0.623561 0.014258 0.01806 0.84845
3 0.276226 0.686533 0.013545 0.016634 0.849602
3 0.260364 0.644948 0.013901 0.01806 0.849631
3 0.245393 0.624274 0.014614 0.019486 0.849851
3 0.291196 0.666097 0.014258 0.017585 0.851088
3 0.276938 0.624274 0.014258 0.017585 0.85252
3 0.307414 0.560352 0.014614 0.01901 0.852662
3 0.339851 0.623086 0.015327 0.01901 0.853299
3 0.276582 0.581025 0.013545 0.017585 0.853351
3 0.307414 0.644235 0.014614 0.018535 0.854944
3 0.260898 0.602174 0.014258 0.01901 0.855029
3 0.260364 0.540153 0.014614 0.018535 0.855922
3 0.308306 0.582451 0.014258 0.018535 0.856069
3 0.323633 0.664671 0.013545 0.018535 0.856502
3 0.339673 0.580313 0.012832 0.01806 0.856533
3 0.339673 0.664434 0.012832 0.01806 0.856882
3 0.245571 0.666097 0.014258 0.017585 0.861659
3 0.307771 0.68582 0.013188 0.019961 0.862731
3 0.323811 0.559639 0.01604 0.018535 0.86323
3 0.307414 0.623324 0.013901 0.018535 0.866908
3 0.276226 0.560589 0.013545 0.019486 0.868163
3 0.260364 0.665622 0.014614 0.018535 0.869137
3 0.338782 0.559876 0.013188 0.01806 0.869363
3 0.324168 0.601462 0.014614 0.018535 0.870261
3 0.276047 0.601937 0.013188 0.018535 0.870821
3 0.339673 0.601224 0.013545 0.01806 0.873153
3 0.277117 0.540628 0.014614 0.019486 0.873994
3 0.260007 0.581976 0.015327 0.017585 0.878357
3 0.245571 0.540866 0.014971 0.01901 0.879007
3 0.308484 0.666097 0.015327 0.019486 0.879839
3 0.307414 0.539915 0.013901 0.019961 0.881533
3 0.338782 0.643522 0.013188 0.01901 0.88163
3 0.245571 0.582689 0.014971 0.01901 0.88418
3 0.33896 0.685583 0.012832 0.018535 0.88578
3 0.307593 0.602174 0.013545 0.01901 0.887321
