2 0.311719 0.810417 0.232812 0.216667 0.867736
3 0.369194 0.841459 0.015278 0.018431 0.725421
3 0.368831 0.756822 0.014551 0.019886 0.803069
3 0.369558 0.884868 0.015278 0.021826 0.82674
3 0.371559 0.905482 0.014915 0.019401 0.830464
3 0.370468 0.820603 0.015642 0.018431 0.830664
3 0.385382 0.841459 0.014915 0.020371 0.841851
3 0.385382 0.756094 0.014915 0.022311 0.844669
3 0.369376 0.778163 0.014915 0.021826 0.844776
3 0.368831 0.799989 0.015278 0.022796 0.848334
3 0.369013 0.863285 0.014915 0.021341 0.849777
3 0.354098 0.799747 0.014915 0.020371 0.860018
3 0.385018 0.884626 0.015642 0.020371 0.868347
3 0.385018 0.799747 0.015642 0.020371 0.872925
3 0.35428 0.756822 0.013823 0.020856 0.873455
3 0.354462 0.884868 0.014915 0.022796 0.879495
3 0.35428 0.863042 0.015278 0.022796 0.880276
3 0.386474 0.820603 0.014915 0.019401 0.881665
3 0.35428 0.841944 0.013096 0.020371 0.882771
3 0.35428 0.820603 0.014551 0.020371 0.885959
3 0.354644 0.904997 0.013823 0.020371 0.887953
3 0.386474 0.777678 0.015642 0.021826 0.889229
3 0.386291 0.905724 0.015278 0.020856 0.892902
3 0.386474 0.863285 0.014915 0.020371 0.909438
2 0.53125 0.798958 0.21875 0.210417 0.894924
