0 0.14375 0.279167 0.05 0.0833333 0.717674
0 0.0726563 0.933333 0.0609375 0.0791667 0.742858
0 0.0773437 0.4625 0.0515625 0.075 0.766941
0 0.357031 0.74375 0.0609375 0.075 0.778775
0 0.421094 0.466667 0.0640625 0.0791667 0.780518
0 0.351562 0.93125 0.053125 0.075 0.784871
0 0.840625 0.941667 0.053125 0.0666667 0.793605
0 0.142969 0.465625 0.0578125 0.0770833 0.794261
0 0.142969 0.36875 0.0546875 0.075 0.803545
0 0.492188 0.367708 0.05625 0.0770833 0.80926
0 0.139844 0.934375 0.0578125 0.0729167 0.809848
0 0.210938 0.933333 0.05625 0.0708333 0.810438
0 0.0710938 0.658333 0.0546875 0.0875 0.813958
0 0.2125 0.75 0.05625 0.0791667 0.81429
0 0.41875 0.930208 0.05625 0.08125 0.814294
0 0.489844 0.932292 0.0578125 0.0729167 0.815211
0 0.353906 0.465625 0.0515625 0.08125 0.816271
0 0.0695312 0.752083 0.0546875 0.0875 0.81798
0 0.494531 0.463542 0.0578125 0.08125 0.8235
0 0.417969 0.748958 0.0546875 0.0854167 0.82481
0 0.0679687 0.559375 0.0546875 0.0770833 0.827171
0 0.632031 0.555208 0.0546875 0.0770833 0.82748
0 0.5625 0.55625 0.053125 0.0791667 0.828469
0 0.419531 0.559375 0.0546875 0.08125 0.83537
0 0.0703125 0.842708 0.053125 0.0770833 0.835663
0 0.219531 0.276042 0.0640625 0.0854167 0.835819
0 0.636719 0.459375 0.0578125 0.0770833 0.835968
0 0.564844 0.460417 0.0609375 0.0833333 0.836515
0 0.423438 0.373958 0.065625 0.08125 0.836595
0 0.564062 0.366667 0.05625 0.075 0.837444
0 0.283594 0.747917 0.0578125 0.0791667 0.838045
0 0.632031 0.932292 0.0546875 0.06875 0.839984
0 0.635156 0.651042 0.0578125 0.0770833 0.840436
0 0.561719 0.65 0.0609375 0.0833333 0.841225
0 0.352344 0.654167 0.0578125 0.0791667 0.841455
0 0.285937 0.278125 0.059375 0.08125 0.843172
0 0.496094 0.559375 0.0640625 0.0895833 0.843388
0 0.563281 0.745833 0.0609375 0.0791667 0.844074
0 0.214062 0.840625 0.0625 0.0770833 0.845011
0 0.213281 0.655208 0.0578125 0.08125 0.84599
0 0.2125 0.466667 0.05625 0.0791667 0.846182
0 0.213281 0.561458 0.0609375 0.08125 0.849113
0 0.636719 0.366667 0.0546875 0.0791667 0.84997
0 0.28125 0.933333 0.05625 0.0708333 0.850334
0 0.41875 0.657292 0.059375 0.0895833 0.854231
0 0.560938 0.933333 0.05625 0.075 0.857188
0 0.432031 0.276042 0.0609375 0.0729167 0.857558
0 0.35625 0.275 0.065625 0.0875 0.858196
0 0.284375 0.655208 0.059375 0.08125 0.861427
0 0.633594 0.74375 0.0609375 0.0833333 0.86233
0 0.282813 0.558333 0.059375 0.0875 0.863058
0 0.144531 0.744792 0.0578125 0.0729167 0.863332
0 0.145313 0.560417 0.059375 0.0833333 0.865648
0 0.283594 0.463542 0.0578125 0.08125 0.866
0 0.283594 0.372917 0.0578125 0.0833333 0.870351
0 0.563281 0.839583 0.0609375 0.0791667 0.870424
0 0.28125 0.841667 0.0625 0.075 0.870842
0 0.221094 0.375 0.0671875 0.0916667 0.871586
0 0.355469 0.370833 0.0546875 0.0833333 0.873809
0 0.565625 0.272917 0.059375 0.0833333 0.874126
0 0.421094 0.842708 0.0609375 0.0854167 0.874901
0 0.491406 0.655208 0.0578125 0.08125 0.879093
0 0.358594 0.842708 0.0640625 0.0770833 0.879304
0 0.630469 0.840625 0.0609375 0.0770833 0.885835
0 0.146094 0.659375 0.0640625 0.08125 0.890187
0 0.146094 0.842708 0.0640625 0.0854167 0.890719
0 0.357812 0.560417 0.0625 0.0791667 0.893009
0 0.496094 0.744792 0.0578125 0.0729167 0.895159
0 0.49375 0.276042 0.0625 0.0854167 0.903948
0 0.496094 0.842708 0.0671875 0.0854167 0.909882
