0 0.20625 0.420833 0.053125 0.0875 0.778201
0 0.204688 0.33125 0.05 0.0875 0.813836
0 0.203906 0.591667 0.0546875 0.075 0.817038
0 0.332812 0.842708 0.059375 0.0854167 0.817284
0 0.207813 0.251042 0.065625 0.0770833 0.817567
0 0.332031 0.252083 0.0578125 0.0791667 0.823431
0 0.334375 0.419792 0.059375 0.08125 0.841955
0 0.266406 0.503125 0.0578125 0.08125 0.846223
0 0.20625 0.502083 0.05 0.0833333 0.846469
0 0.264844 0.334375 0.0578125 0.0854167 0.85989
0 0.266406 0.252083 0.0546875 0.0833333 0.864829
0 0.328906 0.592708 0.0578125 0.08125 0.864991
0 0.332031 0.333333 0.0546875 0.0791667 0.86711
0 0.270312 0.84375 0.0625 0.0875 0.867686
0 0.265625 0.420833 0.05625 0.0833333 0.867807
0 0.334375 0.673958 0.059375 0.08125 0.87243
0 0.332812 0.503125 0.053125 0.08125 0.876537
0 0.203906 0.759375 0.0546875 0.08125 0.879456
0 0.203125 0.677083 0.053125 0.075 0.884606
0 0.271094 0.592708 0.0640625 0.0854167 0.894149
0 0.203125 0.84375 0.053125 0.0791667 0.901255
0 0.271094 0.760417 0.0640625 0.0875 0.902208
0 0.271094 0.676042 0.0640625 0.0854167 0.90925
