0 0.527114 0.816789 0.208640 0.203023
1 0.741115 0.629493 0.212010 0.191993
3 0.245404 0.555351 0.014093 0.015931
3 0.261029 0.555760 0.012868 0.016748
3 0.277267 0.556373 0.013480 0.017157
3 0.292892 0.556781 0.013480 0.017157
3 0.308364 0.556985 0.012561 0.016748
3 0.244792 0.576185 0.012868 0.016748
3 0.260570 0.577206 0.012561 0.017157
3 0.276501 0.577410 0.013174 0.016748
3 0.292433 0.578023 0.013174 0.016340
3 0.307904 0.577819 0.012868 0.016748
3 0.244332 0.597631 0.013174 0.016340
3 0.244332 0.618873 0.013787 0.016340
3 0.260263 0.598039 0.013174 0.016340
3 0.260110 0.619077 0.013480 0.016748
3 0.276195 0.598448 0.013174 0.017157
3 0.276195 0.619485 0.013174 0.016748
3 0.291820 0.598039 0.013174 0.017157
3 0.291207 0.619485 0.013174 0.016748
3 0.307751 0.599060 0.013174 0.016748
3 0.307292 0.619894 0.013480 0.016748
3 0.227941 0.639502 0.013480 0.016748
3 0.227175 0.660743 0.013174 0.015931
3 0.226716 0.681577 0.013480 0.016748
3 0.226409 0.703227 0.013480 0.016748
3 0.243413 0.639093 0.013174 0.015931
3 0.243260 0.660539 0.012868 0.016340
3 0.242647 0.681985 0.012868 0.016748
3 0.242034 0.703023 0.012868 0.017157
3 0.259651 0.640114 0.013174 0.017157
3 0.259038 0.660743 0.013174 0.016748
3 0.257966 0.682190 0.012868 0.017157
3 0.257966 0.703636 0.012868 0.016748
3 0.275429 0.640319 0.012868 0.016748
3 0.274510 0.661560 0.013480 0.016748
3 0.274510 0.682394 0.012868 0.016748
3 0.274050 0.703840 0.013174 0.017157
3 0.290901 0.640114 0.013174 0.017157
3 0.290901 0.661560 0.013174 0.017565
3 0.290441 0.682598 0.012868 0.017157
3 0.289982 0.703840 0.013174 0.017157
3 0.306985 0.640931 0.012868 0.017157
3 0.306526 0.661969 0.013174 0.016748
3 0.306066 0.683415 0.013480 0.016340
3 0.305913 0.704248 0.013174 0.017157
3 0.324602 0.557394 0.013174 0.016748
3 0.340227 0.558007 0.013174 0.017157
3 0.355545 0.557598 0.013174 0.017157
3 0.324142 0.578636 0.013480 0.016748
3 0.339614 0.578840 0.013174 0.017157
3 0.355545 0.579044 0.013174 0.016748
3 0.323683 0.599469 0.013174 0.016748
3 0.339614 0.599673 0.013174 0.016340
3 0.354933 0.600082 0.013174 0.017157
3 0.323223 0.620098 0.012255 0.016340
3 0.339308 0.620302 0.013174 0.016748
3 0.322763 0.640931 0.012561 0.016340
3 0.338695 0.641544 0.012561 0.016748
3 0.322304 0.661969 0.013480 0.016748
3 0.338388 0.662786 0.013174 0.016748
3 0.322151 0.683619 0.013174 0.016748
3 0.337623 0.683824 0.013480 0.017157
3 0.321385 0.704657 0.012868 0.017157
3 0.337469 0.704861 0.013174 0.016748
3 0.222580 0.852124 0.014400 0.019608
3 0.223039 0.873570 0.015319 0.019199
3 0.222580 0.893995 0.015625 0.020016
3 0.222273 0.915033 0.015625 0.019608
3 0.240809 0.766748 0.015319 0.019608
3 0.240656 0.787990 0.015012 0.019608
3 0.239737 0.809436 0.015012 0.020016
3 0.239430 0.830882 0.015012 0.019608
3 0.239277 0.852124 0.015319 0.019608
3 0.238971 0.873570 0.015319 0.020833
3 0.238511 0.894812 0.015012 0.019199
3 0.238051 0.915237 0.015319 0.020016
3 0.257047 0.766953 0.015319 0.020016
3 0.256740 0.787990 0.015319 0.019608
3 0.255821 0.809436 0.014706 0.020016
3 0.255362 0.830882 0.015012 0.019608
3 0.255055 0.852328 0.015012 0.020016
3 0.254749 0.873775 0.015012 0.020425
3 0.254442 0.894812 0.015012 0.020016
3 0.253983 0.915850 0.015319 0.019608
3 0.272672 0.767361 0.014706 0.019199
3 0.272212 0.788399 0.014400 0.019608
3 0.271752 0.810049 0.015319 0.020425
3 0.271599 0.831291 0.015012 0.018791
3 0.270987 0.852737 0.015012 0.020016
3 0.270527 0.874387 0.015319 0.020016
3 0.270221 0.895629 0.015319 0.020016
3 0.270067 0.916667 0.015012 0.019608
3 0.368260 0.768995 0.015319 0.020833
3 0.367494 0.790441 0.015012 0.019608
3 0.367188 0.811683 0.014400 0.019608
3 0.366575 0.833538 0.015012 0.020016
3 0.365962 0.855188 0.015012 0.020016
3 0.365809 0.876634 0.014706 0.020425
3 0.365656 0.898080 0.015012 0.020016
3 0.365196 0.918913 0.015319 0.020016
3 0.352022 0.768791 0.014706 0.020425
3 0.351562 0.790237 0.014400 0.019199
3 0.350950 0.811887 0.014400 0.020016
3 0.350490 0.832925 0.014706 0.019608
3 0.350184 0.854371 0.014093 0.020016
3 0.349877 0.876225 0.014706 0.019608
3 0.349265 0.897467 0.014706 0.020425
3 0.349112 0.918709 0.015012 0.019608
3 0.336397 0.768382 0.014706 0.019608
3 0.335938 0.790033 0.015012 0.019608
3 0.335325 0.811275 0.014400 0.018791
3 0.334865 0.832516 0.014706 0.019608
3 0.334559 0.853962 0.014706 0.020016
3 0.334252 0.875613 0.014706 0.020016
3 0.333640 0.897059 0.015319 0.021242
3 0.333487 0.918301 0.015012 0.020425
3 0.320466 0.767770 0.015319 0.020016
3 0.320159 0.789011 0.014706 0.020016
3 0.319393 0.810662 0.014400 0.020016
3 0.319240 0.832312 0.014706 0.020016
3 0.318781 0.853758 0.015012 0.020425
3 0.318168 0.874796 0.015012 0.020016
3 0.317862 0.896446 0.015012 0.020833
3 0.317555 0.917892 0.015625 0.020425
3 0.304534 0.767770 0.014706 0.019199
3 0.303922 0.789011 0.014706 0.020016
3 0.303768 0.810458 0.014400 0.020425
3 0.303156 0.831904 0.015012 0.020016
3 0.302543 0.853350 0.015012 0.020425
3 0.302390 0.874592 0.014706 0.020425
3 0.302237 0.896038 0.015012 0.020016
3 0.301624 0.917279 0.015012 0.020016
3 0.288909 0.767157 0.014706 0.020425
3 0.288297 0.788807 0.014706 0.019608
3 0.287837 0.810253 0.015012 0.019199
3 0.287377 0.831699 0.014706 0.019608
3 0.286765 0.852941 0.014706 0.019608
3 0.286305 0.874387 0.014400 0.019199
3 0.286305 0.895629 0.015012 0.020016
3 0.285692 0.916871 0.015012 0.020016
2 0.311734 0.622345 0.228860 0.200572
2 0.308364 0.820874 0.226409 0.213644
