3 0.710172 0.536560 0.014093 0.018382
3 0.694240 0.536969 0.014093 0.018382
3 0.678156 0.536356 0.014400 0.017974
3 0.710172 0.557802 0.014706 0.018382
3 0.693934 0.557802 0.014093 0.018382
3 0.678156 0.557802 0.014400 0.018382
3 0.678462 0.578636 0.014400 0.019199
3 0.694547 0.578636 0.014093 0.018382
3 0.710478 0.578840 0.014706 0.018791
3 0.678462 0.600286 0.014400 0.018382
3 0.678615 0.621119 0.014706 0.019199
3 0.694547 0.599673 0.014706 0.018791
3 0.710018 0.600082 0.014400 0.018791
3 0.694393 0.621324 0.014400 0.017974
3 0.710478 0.620915 0.014706 0.018791
3 0.678922 0.642157 0.014706 0.018791
3 0.694700 0.642565 0.014400 0.018791
3 0.711091 0.642361 0.014706 0.019199
3 0.678922 0.663807 0.014706 0.018791
3 0.695006 0.663807 0.014400 0.018791
3 0.678922 0.684845 0.014093 0.018382
3 0.695006 0.685049 0.014400 0.018791
3 0.711091 0.684845 0.014706 0.018382
3 0.856311 0.685866 0.015319 0.019608
3 0.386642 0.686275 0.012868 0.017157
3 0.339308 0.560253 0.012561 0.016748
3 0.323376 0.539624 0.012561 0.016340
3 0.307445 0.540033 0.012561 0.016340
3 0.292126 0.540033 0.013174 0.016340
3 0.276195 0.540033 0.013174 0.016340
3 0.323529 0.560458 0.012868 0.016340
3 0.307904 0.560866 0.012868 0.016340
3 0.291973 0.560662 0.012868 0.015931
3 0.276348 0.561070 0.012868 0.015931
3 0.339001 0.581495 0.012561 0.015931
3 0.323529 0.581495 0.012868 0.016748
3 0.307598 0.581904 0.012868 0.015931
3 0.291973 0.581699 0.012868 0.016340
3 0.276042 0.581699 0.012868 0.016340
3 0.339154 0.602533 0.012868 0.016340
3 0.323683 0.602737 0.012561 0.016748
3 0.307904 0.602737 0.013480 0.016748
3 0.292279 0.602737 0.012868 0.015931
3 0.276042 0.603350 0.012868 0.016340
3 0.339308 0.623775 0.012561 0.016340
3 0.323529 0.623366 0.012868 0.016340
3 0.308058 0.623570 0.013174 0.016748
3 0.291820 0.623979 0.013174 0.016748
3 0.276042 0.623775 0.012868 0.016340
3 0.339308 0.644404 0.012561 0.015931
3 0.323683 0.644608 0.013174 0.016340
3 0.307751 0.645016 0.012561 0.016340
3 0.291820 0.644404 0.013174 0.016748
3 0.276195 0.645221 0.013174 0.016748
3 0.339154 0.665033 0.012868 0.017157
3 0.323683 0.665645 0.013174 0.016748
3 0.307751 0.666258 0.013174 0.016340
3 0.291973 0.666462 0.013480 0.016748
3 0.276348 0.666258 0.013480 0.016340
3 0.339154 0.686479 0.012868 0.016748
3 0.323683 0.686683 0.013174 0.017157
3 0.307751 0.686683 0.013174 0.017157
3 0.291973 0.687296 0.012868 0.016748
3 0.275888 0.687500 0.013174 0.016340
3 0.260263 0.540441 0.013174 0.016340
3 0.244485 0.540441 0.012868 0.016340
3 0.228401 0.540237 0.013174 0.016748
3 0.212623 0.540441 0.012868 0.015523
3 0.260417 0.561275 0.012868 0.017157
3 0.244332 0.561683 0.013174 0.015523
3 0.228401 0.562092 0.013174 0.016340
3 0.212469 0.561683 0.013174 0.016340
3 0.259957 0.582108 0.013174 0.016340
3 0.244332 0.582516 0.013174 0.017157
3 0.228401 0.582721 0.013174 0.015931
3 0.212623 0.582516 0.013480 0.016340
3 0.260263 0.603350 0.013174 0.016340
3 0.244485 0.603554 0.012868 0.015931
3 0.228248 0.603554 0.013480 0.015931
3 0.212623 0.603758 0.013480 0.016340
3 0.260417 0.624183 0.012868 0.016340
3 0.244332 0.624796 0.013174 0.015931
3 0.228094 0.624796 0.013174 0.016748
3 0.212776 0.625000 0.012561 0.016340
3 0.260110 0.645221 0.012868 0.015931
3 0.244638 0.645221 0.012561 0.015931
3 0.228554 0.645833 0.012868 0.015523
3 0.212469 0.645833 0.013174 0.016340
3 0.259957 0.666462 0.013174 0.016748
3 0.244179 0.666462 0.012868 0.016748
3 0.228554 0.666871 0.012868 0.015931
3 0.212623 0.667484 0.012868 0.016340
3 0.260110 0.688113 0.013480 0.016748
3 0.244332 0.687908 0.013174 0.016340
3 0.228248 0.688113 0.013480 0.015931
3 0.212776 0.688317 0.013174 0.016340
3 0.620251 0.750613 0.015012 0.019199
3 0.604167 0.750408 0.014706 0.018791
3 0.588082 0.750204 0.014400 0.019199
3 0.572304 0.750000 0.014706 0.020425
3 0.556373 0.750000 0.014706 0.020425
3 0.540594 0.750000 0.015012 0.020425
3 0.524969 0.749796 0.014400 0.019199
3 0.620251 0.771650 0.014400 0.019608
3 0.604320 0.771242 0.014400 0.019608
3 0.588082 0.771446 0.015012 0.020016
3 0.572304 0.771446 0.014706 0.020833
3 0.556526 0.771242 0.014400 0.020425
3 0.540748 0.771038 0.014706 0.020016
3 0.524969 0.771038 0.014400 0.020016
3 0.620251 0.792892 0.014400 0.019608
3 0.604013 0.792688 0.014400 0.020833
3 0.588388 0.792688 0.013787 0.019199
3 0.572763 0.792892 0.015012 0.019608
3 0.556679 0.793096 0.014093 0.020833
3 0.540901 0.792688 0.014400 0.020833
3 0.525123 0.792688 0.014093 0.020833
3 0.620098 0.814338 0.014706 0.020016
3 0.604626 0.814338 0.014400 0.020016
3 0.588388 0.813725 0.014400 0.021242
3 0.572763 0.814134 0.014400 0.020425
3 0.556985 0.814134 0.014706 0.020425
3 0.541207 0.814134 0.014400 0.020425
3 0.525429 0.813930 0.014706 0.020016
3 0.620711 0.835784 0.014093 0.020425
3 0.604779 0.835580 0.014706 0.020833
3 0.588848 0.835376 0.014706 0.021242
3 0.573223 0.835580 0.014706 0.020833
3 0.557138 0.835580 0.014400 0.020833
3 0.541360 0.836397 0.014706 0.019199
3 0.525582 0.836193 0.014400 0.019608
3 0.620864 0.857230 0.014400 0.020016
3 0.604933 0.857435 0.015012 0.020425
3 0.588848 0.857230 0.014706 0.020833
3 0.573070 0.857230 0.015012 0.020833
3 0.557138 0.857230 0.014400 0.020833
3 0.541207 0.857435 0.014400 0.020425
3 0.525582 0.857230 0.014400 0.020833
3 0.621170 0.879289 0.013787 0.020833
3 0.605086 0.879085 0.014093 0.020425
3 0.589308 0.878881 0.015012 0.020833
3 0.573529 0.879085 0.014706 0.020425
3 0.557445 0.878881 0.014400 0.020016
3 0.541360 0.878881 0.014093 0.020833
3 0.525582 0.878676 0.014400 0.020425
3 0.621324 0.900531 0.014093 0.020016
3 0.605545 0.900531 0.014400 0.020016
3 0.589308 0.900327 0.014400 0.020425
3 0.573529 0.900327 0.014706 0.020425
3 0.557751 0.900327 0.014400 0.020425
3 0.541667 0.900327 0.014706 0.020425
3 0.525735 0.900327 0.014093 0.020425
3 0.509038 0.750000 0.014400 0.021242
3 0.493413 0.749796 0.014400 0.020833
3 0.477328 0.749592 0.014093 0.021242
3 0.461550 0.750000 0.014400 0.020425
3 0.445619 0.750408 0.015012 0.019608
3 0.509191 0.771855 0.014706 0.020016
3 0.493107 0.771650 0.014400 0.019608
3 0.477635 0.771242 0.014706 0.019608
3 0.461857 0.771650 0.014400 0.020425
3 0.445619 0.771446 0.014400 0.020016
3 0.509038 0.792688 0.013787 0.020016
3 0.493413 0.792688 0.013787 0.020833
3 0.477788 0.792892 0.014400 0.020425
3 0.461857 0.792892 0.014400 0.020425
3 0.446232 0.793096 0.014400 0.020833
3 0.509344 0.814134 0.013787 0.020425
3 0.493260 0.814338 0.014093 0.020016
3 0.477328 0.814134 0.014093 0.020425
3 0.461857 0.814338 0.014400 0.020833
3 0.446078 0.814951 0.014706 0.020425
3 0.509498 0.835580 0.014093 0.020833
3 0.493719 0.835989 0.014400 0.020833
3 0.477788 0.835989 0.014400 0.020833
3 0.461550 0.836193 0.014400 0.020425
3 0.446385 0.836193 0.014093 0.020425
3 0.509344 0.857435 0.014400 0.020425
3 0.493719 0.857435 0.014400 0.020425
3 0.477635 0.857435 0.014093 0.020425
3 0.461550 0.857435 0.014400 0.020425
3 0.446232 0.857435 0.014400 0.020425
3 0.509651 0.878676 0.014400 0.020425
3 0.493873 0.878881 0.014093 0.020833
3 0.478094 0.879085 0.014400 0.020425
3 0.461857 0.879085 0.014400 0.020425
3 0.446232 0.879289 0.014400 0.020833
3 0.509498 0.900327 0.014093 0.020425
3 0.493873 0.900531 0.014093 0.020016
3 0.478094 0.900735 0.014400 0.020425
3 0.462163 0.900531 0.014400 0.020016
3 0.446232 0.900531 0.014400 0.019199
2 0.751685 0.604167 0.232537 0.194444
2 0.533088 0.803105 0.212623 0.213235
2 0.313113 0.607026 0.226103 0.195261
