2 0.532629 0.802900 0.212316 0.212827
3 0.679381 0.750613 0.015625 0.020833
3 0.824449 0.751430 0.015319 0.020016
3 0.840227 0.751634 0.015625 0.019608
3 0.856158 0.751634 0.016238 0.020425
3 0.840533 0.773080 0.015625 0.020016
3 0.856618 0.773284 0.015319 0.019608
3 0.824755 0.794730 0.014706 0.019199
3 0.840533 0.794730 0.015625 0.019199
3 0.856158 0.794526 0.015012 0.019608
3 0.824755 0.815972 0.015319 0.019199
3 0.825061 0.837010 0.015319 0.019608
3 0.825214 0.859069 0.015012 0.018791
3 0.825214 0.879698 0.015012 0.019199
3 0.825214 0.901144 0.015012 0.018791
3 0.840993 0.815972 0.015931 0.020016
3 0.856771 0.815972 0.015625 0.020016
3 0.840993 0.837418 0.015931 0.019608
3 0.840993 0.858456 0.015319 0.019199
3 0.840993 0.879698 0.015931 0.020016
3 0.840686 0.900531 0.015319 0.020016
3 0.857077 0.837214 0.015625 0.020016
3 0.856771 0.858456 0.015625 0.020016
3 0.857077 0.879698 0.015625 0.020016
3 0.856771 0.900531 0.016238 0.020833
3 0.676777 0.325163 0.013480 0.017157
3 0.692862 0.324959 0.013174 0.016748
3 0.708793 0.324755 0.013787 0.017157
3 0.724877 0.324551 0.013480 0.017565
3 0.740962 0.324346 0.013787 0.017157
3 0.676624 0.346609 0.013174 0.016748
3 0.692862 0.346405 0.013174 0.017157
3 0.708946 0.345997 0.012868 0.017157
3 0.724571 0.345588 0.013480 0.017157
3 0.740656 0.345792 0.014400 0.017565
3 0.676930 0.367239 0.013787 0.017157
3 0.693015 0.367443 0.013480 0.017565
3 0.708640 0.367034 0.013480 0.017565
3 0.724877 0.366830 0.013480 0.017157
3 0.740962 0.366217 0.013787 0.017565
3 0.677083 0.388480 0.013480 0.017157
3 0.677390 0.409722 0.013480 0.017157
3 0.677543 0.430556 0.013174 0.017157
3 0.677543 0.451593 0.013787 0.016748
3 0.677237 0.472631 0.013787 0.017157
3 0.692708 0.388072 0.012868 0.016340
3 0.693015 0.409314 0.013480 0.017157
3 0.693168 0.429943 0.013174 0.016748
3 0.693321 0.451593 0.013480 0.016748
3 0.693168 0.472222 0.013787 0.017157
3 0.708793 0.387663 0.013174 0.017157
3 0.724571 0.387868 0.013480 0.016748
3 0.740809 0.387663 0.013480 0.017157
3 0.708793 0.409518 0.013174 0.016748
3 0.724724 0.409109 0.013174 0.016748
3 0.740809 0.408701 0.012868 0.016748
3 0.708793 0.430351 0.013174 0.016748
3 0.724877 0.430147 0.013480 0.017157
3 0.740962 0.429943 0.013787 0.017565
3 0.708946 0.451185 0.014093 0.016748
3 0.725031 0.451185 0.013174 0.016748
3 0.740962 0.451389 0.013787 0.017157
3 0.708946 0.472222 0.012868 0.016340
3 0.725184 0.472426 0.013480 0.017565
3 0.740962 0.472426 0.013787 0.017565
3 0.757200 0.323938 0.013174 0.017157
3 0.772978 0.323734 0.014093 0.016748
3 0.789062 0.323121 0.013787 0.017157
3 0.757047 0.345180 0.014093 0.017157
3 0.773131 0.344975 0.013787 0.017565
3 0.788909 0.344975 0.014093 0.017565
3 0.805300 0.344567 0.013174 0.017565
3 0.757047 0.366422 0.013480 0.017157
3 0.772978 0.366013 0.013480 0.017974
3 0.789216 0.365605 0.013480 0.017157
3 0.805453 0.366013 0.013480 0.017974
3 0.757047 0.387255 0.013480 0.017157
3 0.773131 0.387255 0.013174 0.017157
3 0.789369 0.387051 0.013787 0.016748
3 0.805300 0.386642 0.013174 0.017565
3 0.757047 0.408701 0.013480 0.016748
3 0.773438 0.408088 0.013174 0.016340
3 0.789216 0.408497 0.013480 0.017157
3 0.805300 0.408497 0.013174 0.017157
3 0.757047 0.429739 0.013480 0.017157
3 0.773284 0.429739 0.013480 0.017157
3 0.789369 0.429534 0.014400 0.017565
3 0.805607 0.429330 0.013787 0.017974
3 0.757047 0.450572 0.013480 0.017157
3 0.773438 0.450980 0.013787 0.017157
3 0.789216 0.450572 0.013480 0.017157
3 0.805760 0.450776 0.013480 0.016748
3 0.756587 0.472222 0.013787 0.017157
3 0.773284 0.471814 0.013480 0.017974
3 0.789522 0.471814 0.013480 0.017157
3 0.805760 0.471609 0.013480 0.016748
3 0.854473 0.471609 0.013480 0.017565
2 0.749387 0.405637 0.231618 0.197712
2 0.752298 0.804739 0.231311 0.214052
