1 0.278646 0.177900 0.224571 0.217729
1 0.531403 0.607026 0.203738 0.183824
3 0.679075 0.542484 0.014400 0.017974
3 0.679228 0.563725 0.014093 0.018791
3 0.679534 0.584967 0.014093 0.018791
3 0.679228 0.606209 0.014706 0.018791
3 0.679228 0.626838 0.014706 0.019199
3 0.679688 0.648080 0.014400 0.018382
3 0.679841 0.669730 0.014706 0.019199
3 0.679841 0.690768 0.014706 0.018791
3 0.695312 0.542688 0.014400 0.018382
3 0.710938 0.542484 0.014400 0.018791
3 0.694853 0.563930 0.014093 0.018382
3 0.711091 0.563930 0.014093 0.018382
3 0.695312 0.584150 0.013787 0.018791
3 0.711244 0.584763 0.014400 0.018382
3 0.695312 0.606005 0.014400 0.018382
3 0.710631 0.606005 0.015012 0.018382
3 0.695159 0.627451 0.014706 0.018791
3 0.711244 0.626838 0.014400 0.018382
3 0.695466 0.648489 0.014706 0.018382
3 0.695619 0.669935 0.014400 0.018791
3 0.695772 0.690972 0.014093 0.018382
3 0.711703 0.690972 0.014706 0.018382
3 0.711703 0.648284 0.014706 0.018791
3 0.857077 0.692810 0.014400 0.018791
3 0.212929 0.756127 0.012868 0.016340
3 0.212316 0.778186 0.012255 0.017157
3 0.212623 0.799428 0.013480 0.017157
3 0.212163 0.820670 0.013174 0.017157
3 0.212163 0.842116 0.013174 0.016748
3 0.212163 0.863358 0.013174 0.016748
3 0.212163 0.884395 0.013174 0.017157
3 0.212316 0.905229 0.013480 0.017157
3 0.386183 0.906046 0.012561 0.016340
3 0.339614 0.777369 0.013174 0.016340
3 0.323989 0.755923 0.013174 0.016748
3 0.307904 0.756332 0.013480 0.016748
3 0.323836 0.776961 0.013480 0.016340
3 0.307904 0.777165 0.013480 0.017565
3 0.339614 0.798407 0.012561 0.015931
3 0.323529 0.798407 0.013480 0.016748
3 0.307598 0.798815 0.012868 0.015931
3 0.307445 0.820261 0.012561 0.017157
3 0.323223 0.820261 0.012868 0.017157
3 0.338848 0.820261 0.012868 0.016340
3 0.307751 0.842116 0.013174 0.017565
3 0.323070 0.841503 0.012561 0.017157
3 0.339308 0.840891 0.013174 0.016748
3 0.307445 0.863358 0.012561 0.017565
3 0.323070 0.863154 0.012561 0.017157
3 0.338848 0.862949 0.012868 0.016748
3 0.307445 0.884191 0.013174 0.017565
3 0.323223 0.884395 0.012868 0.017974
3 0.338388 0.884395 0.012561 0.017157
3 0.306985 0.905025 0.012868 0.016748
3 0.322763 0.906046 0.012561 0.016340
3 0.338695 0.905842 0.012561 0.016748
3 0.291973 0.756536 0.012868 0.017974
3 0.276042 0.756944 0.012868 0.017157
3 0.260110 0.757149 0.013480 0.017565
3 0.244026 0.757149 0.013174 0.017565
3 0.244332 0.778391 0.013174 0.017565
3 0.259957 0.778799 0.013174 0.017565
3 0.275735 0.778186 0.012868 0.017157
3 0.291973 0.777982 0.012868 0.017565
3 0.243873 0.799632 0.012868 0.016748
3 0.259651 0.799428 0.012561 0.016340
3 0.275582 0.799428 0.012561 0.017157
3 0.291820 0.799632 0.013174 0.016748
3 0.243566 0.820874 0.012868 0.016748
3 0.259804 0.820874 0.012868 0.016748
3 0.275888 0.820466 0.013174 0.016748
3 0.291513 0.819853 0.012561 0.017157
3 0.243873 0.842525 0.012868 0.016748
3 0.259957 0.842116 0.013174 0.016748
3 0.275429 0.841708 0.012868 0.016748
3 0.291360 0.842116 0.012868 0.017565
3 0.244026 0.863562 0.013174 0.017157
3 0.259651 0.863358 0.012561 0.016748
3 0.275582 0.863358 0.013174 0.016748
3 0.291360 0.863154 0.012868 0.017157
3 0.244179 0.884600 0.012868 0.016748
3 0.259498 0.885008 0.012868 0.016748
3 0.275582 0.883987 0.013174 0.017157
3 0.291054 0.884804 0.012868 0.017157
3 0.243566 0.905433 0.013480 0.015931
3 0.259651 0.905433 0.013174 0.016748
3 0.275429 0.905842 0.012868 0.016748
3 0.290901 0.905229 0.013174 0.016340
3 0.228401 0.756944 0.013174 0.016340
3 0.228401 0.777778 0.013174 0.016340
3 0.228094 0.799837 0.013174 0.017157
3 0.228094 0.821078 0.013174 0.017157
3 0.228094 0.841912 0.013174 0.017157
3 0.228248 0.862949 0.013480 0.016748
3 0.227941 0.884395 0.013480 0.017157
3 0.228094 0.905433 0.013174 0.016748
3 0.445619 0.755923 0.015012 0.019199
3 0.445925 0.777165 0.014400 0.018382
3 0.446385 0.798407 0.014706 0.020016
3 0.446538 0.819649 0.014400 0.020833
3 0.446538 0.841299 0.014400 0.020016
3 0.446385 0.862745 0.015319 0.020425
3 0.446385 0.884804 0.015319 0.020425
3 0.446385 0.905842 0.014706 0.020016
3 0.620864 0.756332 0.014400 0.018382
3 0.620711 0.777778 0.014706 0.018791
3 0.604779 0.756332 0.014706 0.019199
3 0.589154 0.756127 0.014706 0.018791
3 0.573223 0.755719 0.014706 0.019608
3 0.556985 0.756127 0.014706 0.019608
3 0.604626 0.777369 0.015012 0.019608
3 0.588388 0.777165 0.014400 0.020016
3 0.572763 0.777165 0.014400 0.020016
3 0.556985 0.776961 0.014706 0.019608
3 0.621017 0.799020 0.014093 0.019608
3 0.604779 0.798815 0.014093 0.020016
3 0.588848 0.798611 0.014093 0.019608
3 0.573070 0.798815 0.014400 0.019199
3 0.557292 0.798407 0.014093 0.020016
3 0.620864 0.820057 0.014400 0.020016
3 0.605239 0.820057 0.014400 0.020016
3 0.589154 0.820057 0.014093 0.019199
3 0.572917 0.820057 0.014706 0.020016
3 0.557138 0.820057 0.014400 0.020016
3 0.621017 0.841503 0.014093 0.020425
3 0.605392 0.841708 0.014706 0.020016
3 0.589308 0.841299 0.014400 0.020833
3 0.573223 0.841299 0.014706 0.020833
3 0.557445 0.841299 0.014400 0.020833
3 0.621017 0.863358 0.014706 0.020016
3 0.605545 0.863154 0.014400 0.020425
3 0.589614 0.862949 0.014400 0.020833
3 0.573376 0.862949 0.014400 0.020833
3 0.557598 0.862745 0.014706 0.020425
3 0.621324 0.885417 0.014706 0.020833
3 0.605239 0.884600 0.015012 0.020833
3 0.589767 0.884804 0.014093 0.021242
3 0.573529 0.884600 0.014706 0.020833
3 0.557598 0.884191 0.014706 0.020833
3 0.621324 0.906658 0.014706 0.020016
3 0.605392 0.906250 0.014706 0.020833
3 0.589767 0.905842 0.014706 0.020833
3 0.573683 0.905842 0.014400 0.020833
3 0.557904 0.905842 0.014093 0.020833
3 0.477482 0.756536 0.014400 0.018791
3 0.493719 0.756536 0.014400 0.018791
3 0.509344 0.755719 0.013787 0.020425
3 0.525123 0.755310 0.014706 0.021242
3 0.540901 0.755515 0.015012 0.020833
3 0.478094 0.776757 0.015012 0.020016
3 0.493873 0.777165 0.014093 0.020016
3 0.509804 0.776757 0.014093 0.020833
3 0.525429 0.776552 0.014093 0.020425
3 0.541207 0.776757 0.015012 0.020016
3 0.478248 0.798203 0.014093 0.020425
3 0.541207 0.798203 0.013787 0.020425
3 0.525429 0.797998 0.014093 0.020833
3 0.509498 0.798203 0.014093 0.020425
3 0.493873 0.798203 0.014093 0.020425
3 0.541207 0.819853 0.014400 0.020425
3 0.525582 0.820057 0.014400 0.020833
3 0.509804 0.819649 0.014093 0.020016
3 0.493873 0.819444 0.014093 0.020425
3 0.477941 0.819444 0.014093 0.020425
3 0.541667 0.841299 0.014093 0.020016
3 0.525582 0.841095 0.014400 0.020425
3 0.509651 0.841095 0.014400 0.020425
3 0.494026 0.841095 0.014400 0.020425
3 0.477941 0.840891 0.014093 0.020833
3 0.541667 0.862745 0.014093 0.021242
3 0.525888 0.862949 0.014400 0.020833
3 0.509651 0.862745 0.014400 0.020425
3 0.493873 0.862949 0.014093 0.020016
3 0.478094 0.862745 0.014400 0.020425
3 0.541820 0.884804 0.015012 0.020425
3 0.525735 0.884395 0.014093 0.020425
3 0.509957 0.884191 0.014400 0.020833
3 0.494026 0.884395 0.014400 0.020425
3 0.478094 0.884395 0.015012 0.020425
3 0.541820 0.905842 0.014400 0.020016
3 0.525888 0.905842 0.014400 0.020016
3 0.510110 0.906250 0.014706 0.020016
3 0.494026 0.905433 0.014400 0.020016
3 0.478094 0.906046 0.014400 0.020425
3 0.462010 0.756127 0.014093 0.018791
3 0.462316 0.776757 0.014093 0.020016
3 0.462316 0.798815 0.014706 0.019199
3 0.462010 0.819853 0.014093 0.019608
3 0.462010 0.841503 0.014093 0.019608
3 0.462010 0.862541 0.014093 0.020833
3 0.462010 0.884191 0.014093 0.020016
3 0.462469 0.905842 0.014400 0.020016
2 0.751838 0.610907 0.231005 0.195670
2 0.533395 0.808007 0.215074 0.213235
2 0.313419 0.807802 0.225490 0.215278
