0 0.322304 0.427083 0.213235 0.189134
1 0.527267 0.814542 0.207721 0.197712
3 0.591605 0.352328 0.012868 0.016748
3 0.591146 0.374183 0.012561 0.016340
3 0.590686 0.395016 0.012868 0.016340
3 0.575674 0.352533 0.012868 0.016340
3 0.560049 0.352737 0.012868 0.016748
3 0.544730 0.351716 0.012868 0.016340
3 0.528493 0.351103 0.013480 0.016748
3 0.512561 0.350694 0.012868 0.015931
3 0.496936 0.350490 0.012868 0.016340
3 0.574908 0.373775 0.012561 0.016340
3 0.559743 0.373162 0.012868 0.016748
3 0.543658 0.372345 0.013174 0.015931
3 0.528186 0.372141 0.012868 0.016340
3 0.512255 0.371732 0.012255 0.016340
3 0.496783 0.371324 0.012561 0.016340
3 0.574908 0.394608 0.012561 0.017157
3 0.559283 0.394404 0.013174 0.017565
3 0.543505 0.393995 0.012868 0.016748
3 0.527727 0.393382 0.012561 0.016340
3 0.511642 0.392361 0.012868 0.016748
3 0.496324 0.392361 0.012868 0.016748
3 0.574602 0.415645 0.013174 0.016748
3 0.559130 0.415033 0.012868 0.016340
3 0.543199 0.414828 0.012868 0.016748
3 0.527880 0.414011 0.012868 0.016748
3 0.511949 0.414011 0.013480 0.016748
3 0.496170 0.413399 0.013174 0.017157
3 0.574755 0.436887 0.012868 0.016748
3 0.558977 0.436070 0.013174 0.016748
3 0.543045 0.435662 0.013174 0.016748
3 0.527420 0.435253 0.013174 0.016748
3 0.511489 0.434845 0.013174 0.016748
3 0.495558 0.434436 0.012561 0.016748
3 0.574602 0.457312 0.012561 0.016748
3 0.558364 0.456904 0.013174 0.016748
3 0.542433 0.456087 0.013174 0.016748
3 0.526961 0.456495 0.012868 0.016748
3 0.511183 0.455882 0.013174 0.017157
3 0.495251 0.454861 0.013174 0.017565
3 0.573529 0.478350 0.012868 0.017157
3 0.558364 0.478145 0.013174 0.017565
3 0.542126 0.477328 0.013174 0.016748
3 0.526501 0.476920 0.013174 0.017565
3 0.510876 0.476920 0.013174 0.016748
3 0.495404 0.476307 0.013480 0.017157
3 0.573376 0.499183 0.012561 0.017157
3 0.558211 0.498775 0.013480 0.017974
3 0.542279 0.498979 0.012868 0.017565
3 0.526348 0.498366 0.013480 0.017974
3 0.510417 0.497549 0.012868 0.017157
3 0.494485 0.497141 0.013480 0.017974
3 0.481311 0.349877 0.012868 0.016748
3 0.480852 0.371324 0.013174 0.017157
3 0.480852 0.392565 0.013787 0.017157
3 0.479933 0.412990 0.013174 0.017157
3 0.479779 0.434028 0.012868 0.017565
3 0.479626 0.454861 0.013174 0.017565
3 0.479626 0.475899 0.013174 0.017157
3 0.479013 0.497141 0.013174 0.017974
3 0.464154 0.433415 0.012868 0.017157
3 0.463848 0.454453 0.013480 0.017565
3 0.463388 0.475286 0.013174 0.016748
3 0.463235 0.496528 0.012868 0.016748
2 0.534926 0.429534 0.214461 0.193219
3 0.691330 0.866422 0.015625 0.021242
3 0.691176 0.888072 0.015931 0.020425
3 0.690870 0.909518 0.016544 0.020833
3 0.690717 0.931168 0.015012 0.020833
3 0.708027 0.780637 0.015931 0.022876
3 0.708180 0.803105 0.015012 0.020425
3 0.708027 0.824346 0.015319 0.021242
3 0.707721 0.845997 0.015319 0.020425
3 0.707567 0.867239 0.015625 0.021242
3 0.707414 0.889093 0.015319 0.021650
3 0.707414 0.910743 0.014706 0.020833
3 0.706955 0.931781 0.015012 0.020425
3 0.724265 0.781250 0.015319 0.020833
3 0.740502 0.782271 0.016544 0.021242
3 0.756587 0.782475 0.015625 0.020833
3 0.772518 0.783088 0.016238 0.022059
3 0.788450 0.783701 0.016238 0.021650
3 0.804534 0.784518 0.016544 0.021650
3 0.821232 0.785335 0.016238 0.020833
3 0.724571 0.802900 0.014093 0.020833
3 0.724418 0.824551 0.014400 0.020016
3 0.724112 0.846405 0.015625 0.020425
3 0.723652 0.867851 0.015319 0.021650
3 0.723652 0.889706 0.015319 0.021242
3 0.723039 0.910948 0.014706 0.020425
3 0.723192 0.931985 0.015012 0.020833
3 0.740349 0.804126 0.015012 0.020016
3 0.756893 0.804126 0.015012 0.020833
3 0.772978 0.805556 0.015319 0.020425
3 0.788909 0.805556 0.015319 0.020425
3 0.804534 0.806373 0.015319 0.020425
3 0.820772 0.806985 0.015931 0.020833
3 0.740502 0.825572 0.014706 0.020425
3 0.756740 0.825776 0.014706 0.020016
3 0.772825 0.827002 0.015012 0.020016
3 0.788756 0.827410 0.015012 0.020833
3 0.804534 0.828227 0.015319 0.020016
3 0.820619 0.828431 0.015625 0.019608
3 0.740043 0.846609 0.015012 0.020833
3 0.756281 0.847426 0.015625 0.020833
3 0.772518 0.848243 0.015012 0.020016
3 0.788450 0.848652 0.015012 0.020833
3 0.804381 0.849265 0.015625 0.020425
3 0.820619 0.850082 0.015012 0.021242
3 0.739890 0.868464 0.015319 0.021242
3 0.756281 0.869077 0.015012 0.020833
3 0.772212 0.869690 0.015012 0.020425
3 0.787990 0.870302 0.015319 0.020833
3 0.804228 0.870711 0.015931 0.020833
3 0.819853 0.871936 0.015931 0.020016
3 0.739737 0.889706 0.015625 0.021242
3 0.755668 0.890319 0.015012 0.020833
3 0.771599 0.890931 0.015625 0.020425
3 0.787684 0.891340 0.015319 0.020425
3 0.803768 0.891953 0.015625 0.020016
3 0.819700 0.892770 0.016238 0.020833
3 0.739277 0.911356 0.015319 0.020425
3 0.755362 0.911969 0.015012 0.020833
3 0.771446 0.912786 0.015319 0.020833
3 0.787377 0.913194 0.015319 0.020833
3 0.803768 0.913194 0.015625 0.020833
3 0.819700 0.914011 0.015012 0.020016
3 0.738971 0.932394 0.015319 0.020016
3 0.755208 0.932802 0.015319 0.020016
3 0.771140 0.934028 0.015319 0.020016
3 0.786765 0.934436 0.015319 0.019199
3 0.803156 0.934641 0.015625 0.020425
3 0.819087 0.935253 0.015625 0.019199
3 0.837623 0.786356 0.015931 0.020425
3 0.837010 0.808007 0.015931 0.020425
3 0.836857 0.828840 0.016238 0.020425
3 0.836397 0.850082 0.015319 0.020425
3 0.836244 0.871936 0.015625 0.020833
3 0.836397 0.892565 0.015931 0.021242
3 0.835631 0.914216 0.015625 0.021242
3 0.835325 0.935458 0.015625 0.021242
2 0.748928 0.835172 0.231924 0.223448
