1 0.536918 0.241626 0.206801 0.190768
0 0.746630 0.438930 0.213848 0.189134
3 0.591759 0.352941 0.013174 0.016340
3 0.591605 0.373979 0.013480 0.016748
3 0.590993 0.394812 0.012868 0.016748
3 0.575521 0.352533 0.012561 0.016340
3 0.560049 0.351920 0.012868 0.016748
3 0.544424 0.351511 0.012868 0.017565
3 0.528493 0.351103 0.012868 0.016748
3 0.512868 0.351103 0.012868 0.016748
3 0.497243 0.350286 0.012868 0.016748
3 0.481464 0.349877 0.013174 0.016748
3 0.481005 0.370915 0.012868 0.016340
3 0.496630 0.371528 0.012868 0.016748
3 0.512408 0.371324 0.012561 0.016340
3 0.528186 0.372345 0.012868 0.016748
3 0.543964 0.372549 0.013174 0.017157
3 0.559896 0.372753 0.013174 0.016748
3 0.575521 0.373570 0.013174 0.017565
3 0.480699 0.392770 0.012868 0.016748
3 0.496630 0.392974 0.012868 0.017157
3 0.512102 0.392770 0.013174 0.016748
3 0.527267 0.392770 0.012868 0.016748
3 0.543658 0.393791 0.013174 0.017157
3 0.559130 0.393995 0.012868 0.016748
3 0.574908 0.394199 0.013174 0.017157
3 0.480545 0.413399 0.012561 0.016340
3 0.495864 0.413194 0.013174 0.016748
3 0.511642 0.413807 0.012255 0.017157
3 0.527267 0.413807 0.012868 0.017157
3 0.543352 0.414420 0.013174 0.016748
3 0.558977 0.414828 0.012561 0.016748
3 0.575061 0.415645 0.012868 0.016748
3 0.479933 0.434028 0.012561 0.016748
3 0.495711 0.434641 0.012868 0.017157
3 0.511336 0.434232 0.012868 0.016340
3 0.527267 0.435458 0.012868 0.017157
3 0.542892 0.435458 0.012255 0.016340
3 0.558824 0.436070 0.012868 0.016748
3 0.574602 0.436479 0.013174 0.017565
3 0.479779 0.455270 0.012868 0.016748
3 0.495098 0.455270 0.012868 0.016748
3 0.511336 0.455882 0.013480 0.017157
3 0.527114 0.456087 0.013174 0.017565
3 0.542586 0.456904 0.012868 0.016748
3 0.558517 0.457108 0.012868 0.017157
3 0.574449 0.457312 0.012868 0.016748
3 0.479013 0.475899 0.012561 0.017157
3 0.495098 0.475899 0.013480 0.017974
3 0.510417 0.476307 0.012868 0.017157
3 0.526654 0.477328 0.013480 0.017565
3 0.541973 0.477533 0.012868 0.017157
3 0.558364 0.478145 0.012561 0.016748
3 0.573989 0.478350 0.013174 0.017157
3 0.478860 0.496936 0.012868 0.017565
3 0.495098 0.497141 0.012868 0.017157
3 0.510570 0.497345 0.012561 0.016748
3 0.526654 0.498162 0.013480 0.017565
3 0.542586 0.498775 0.012868 0.017157
3 0.558058 0.498979 0.012561 0.017565
3 0.573529 0.498979 0.012868 0.016748
3 0.464767 0.434028 0.013480 0.017565
3 0.464001 0.454861 0.013174 0.017565
3 0.464154 0.475899 0.013480 0.017157
3 0.463235 0.496936 0.012868 0.016748
2 0.534620 0.431577 0.213235 0.197304
3 0.233150 0.213031 0.014706 0.018382
3 0.233456 0.234681 0.014706 0.019199
3 0.233150 0.255923 0.015319 0.019199
3 0.232843 0.277574 0.015319 0.019199
3 0.250613 0.128676 0.015319 0.019608
3 0.250153 0.149918 0.015012 0.019608
3 0.250000 0.171364 0.014706 0.019199
3 0.249694 0.192810 0.014706 0.018791
3 0.249540 0.213848 0.015012 0.019199
3 0.249234 0.235498 0.015012 0.020016
3 0.249081 0.256332 0.014706 0.019199
3 0.249387 0.278391 0.015931 0.020016
3 0.266544 0.129289 0.014706 0.019199
3 0.266085 0.150327 0.014400 0.019608
3 0.281863 0.129698 0.014706 0.019199
3 0.297794 0.130310 0.014706 0.019608
3 0.313725 0.131127 0.014706 0.020425
3 0.329657 0.131536 0.014706 0.020425
3 0.345282 0.131944 0.014706 0.019608
3 0.281710 0.150735 0.014400 0.020425
3 0.297794 0.151552 0.014706 0.019608
3 0.313266 0.152369 0.014400 0.020425
3 0.329504 0.152982 0.014400 0.020016
3 0.345129 0.153391 0.014400 0.020833
3 0.265778 0.171773 0.014400 0.020016
3 0.281403 0.172590 0.014400 0.020016
3 0.297335 0.172794 0.014400 0.019608
3 0.313113 0.173815 0.014706 0.020016
3 0.329044 0.174224 0.014706 0.020016
3 0.344975 0.174632 0.014093 0.019199
3 0.265625 0.193015 0.014093 0.019199
3 0.281556 0.193627 0.014706 0.019608
3 0.297335 0.194444 0.014400 0.020425
3 0.313266 0.195057 0.014400 0.020016
3 0.328891 0.195466 0.014400 0.020016
3 0.344516 0.195670 0.014400 0.019608
3 0.265472 0.214665 0.015012 0.020016
3 0.281250 0.215074 0.014706 0.020016
3 0.297181 0.215482 0.014093 0.020016
3 0.312960 0.216503 0.015012 0.020425
3 0.328891 0.216912 0.015012 0.019608
3 0.344669 0.217320 0.014093 0.019608
3 0.265012 0.235907 0.014706 0.019199
3 0.280944 0.236520 0.014706 0.020425
3 0.297181 0.236928 0.014093 0.020425
3 0.312806 0.238154 0.014706 0.019608
3 0.328891 0.238562 0.014400 0.021242
3 0.344516 0.239175 0.014400 0.020833
3 0.265012 0.257353 0.014706 0.019608
3 0.280944 0.258170 0.014706 0.020425
3 0.296722 0.258374 0.014400 0.020016
3 0.312806 0.258987 0.015319 0.020425
3 0.328585 0.259600 0.014400 0.020016
3 0.344210 0.259804 0.014400 0.019608
3 0.264859 0.279412 0.015625 0.021242
3 0.280944 0.279820 0.014706 0.021242
3 0.296875 0.280229 0.014706 0.021242
3 0.312653 0.280637 0.014400 0.021242
3 0.328278 0.281250 0.014400 0.020016
3 0.344056 0.281454 0.014706 0.020425
3 0.361213 0.132557 0.014706 0.020016
3 0.377145 0.132966 0.014706 0.020833
3 0.361060 0.154003 0.014400 0.019608
3 0.376838 0.154616 0.014093 0.020016
3 0.360600 0.175449 0.014706 0.020016
3 0.376685 0.175858 0.014400 0.020833
3 0.360600 0.197100 0.014706 0.020016
3 0.376379 0.197304 0.014400 0.020425
3 0.360600 0.218137 0.014706 0.020425
3 0.376225 0.218750 0.014093 0.020016
3 0.360447 0.239788 0.014400 0.020425
3 0.376532 0.239992 0.014706 0.020016
3 0.359988 0.261029 0.014706 0.020425
3 0.376225 0.261642 0.014706 0.020833
3 0.359835 0.281863 0.014400 0.019608
3 0.375613 0.282884 0.014706 0.020833
2 0.318934 0.226511 0.226716 0.216912
