3 0.210631 0.757557 0.015012 0.020016
3 0.354167 0.755923 0.015319 0.020833
3 0.369792 0.756127 0.015931 0.021242
3 0.385876 0.755515 0.015012 0.021650
3 0.369945 0.777574 0.015012 0.019199
3 0.385876 0.777574 0.015012 0.020016
3 0.354013 0.799224 0.014400 0.019199
3 0.369945 0.798815 0.015012 0.019199
3 0.385876 0.798611 0.015012 0.019608
3 0.354473 0.820466 0.014093 0.018382
3 0.370251 0.820670 0.014400 0.018791
3 0.386029 0.820057 0.015319 0.019199
3 0.354167 0.841912 0.014706 0.019608
3 0.369792 0.841708 0.014706 0.019199
3 0.386029 0.841095 0.014706 0.019608
3 0.354013 0.862949 0.014400 0.019199
3 0.369792 0.863154 0.014706 0.018791
3 0.386029 0.862541 0.014706 0.019199
3 0.354320 0.884395 0.015012 0.018791
3 0.370098 0.884191 0.014706 0.019199
3 0.386029 0.883987 0.014706 0.019608
3 0.354473 0.905025 0.014706 0.019199
3 0.370098 0.904616 0.014706 0.020016
3 0.386029 0.905025 0.014706 0.020016
2 0.312040 0.807394 0.225797 0.220180
2 0.533241 0.803922 0.212316 0.212418
