3 0.212929 0.539828 0.013480 0.016748
3 0.228860 0.540033 0.013480 0.016340
3 0.244485 0.540033 0.012868 0.017157
3 0.260417 0.540237 0.013480 0.017565
3 0.276348 0.540033 0.013480 0.017157
3 0.292279 0.539216 0.013480 0.017974
3 0.307904 0.539420 0.014093 0.017565
3 0.212776 0.561070 0.013174 0.016748
3 0.228707 0.561275 0.013174 0.016340
3 0.244485 0.560866 0.013480 0.016340
3 0.260570 0.560253 0.013787 0.017565
3 0.276501 0.560662 0.013787 0.016748
3 0.292279 0.560253 0.013480 0.016748
3 0.308211 0.560458 0.013480 0.016340
3 0.213082 0.582312 0.013174 0.016748
3 0.229013 0.582312 0.013787 0.015931
3 0.244792 0.581904 0.013480 0.016748
3 0.260417 0.581291 0.013480 0.017157
3 0.276348 0.581291 0.013480 0.017157
3 0.292279 0.581699 0.013480 0.017157
3 0.308058 0.581291 0.013787 0.017157
3 0.213082 0.603350 0.013174 0.016340
3 0.228707 0.603350 0.013174 0.016340
3 0.244638 0.602941 0.013787 0.016340
3 0.260263 0.602737 0.013787 0.017565
3 0.276501 0.602533 0.013787 0.016340
3 0.292279 0.602328 0.013480 0.016748
3 0.308058 0.602328 0.013174 0.016748
3 0.213082 0.624592 0.013174 0.016340
3 0.228401 0.624592 0.013787 0.017157
3 0.244485 0.623979 0.014093 0.016748
3 0.260570 0.623366 0.013787 0.017157
3 0.276195 0.623162 0.013787 0.017565
3 0.291973 0.622958 0.014093 0.017157
3 0.307904 0.622958 0.013480 0.016340
3 0.212776 0.645016 0.013787 0.016340
3 0.228707 0.644812 0.013787 0.016748
3 0.244792 0.645016 0.014093 0.017157
3 0.260110 0.645016 0.013480 0.017157
3 0.276348 0.644608 0.013480 0.016340
3 0.291820 0.643995 0.013174 0.016748
3 0.307904 0.644199 0.013480 0.016340
3 0.213082 0.666462 0.013174 0.016748
3 0.228860 0.666258 0.013480 0.017157
3 0.244332 0.666054 0.013174 0.016748
3 0.260110 0.666054 0.013480 0.016748
3 0.276348 0.666054 0.013480 0.016748
3 0.292279 0.665645 0.013480 0.017565
3 0.307751 0.665645 0.013174 0.016748
3 0.213235 0.687908 0.012868 0.016340
3 0.228401 0.687092 0.013787 0.016340
3 0.244792 0.686887 0.013480 0.015931
3 0.260110 0.686887 0.013480 0.016748
3 0.276042 0.686683 0.013480 0.017157
3 0.291973 0.686683 0.013480 0.017157
3 0.307904 0.686275 0.013480 0.017157
3 0.323836 0.539420 0.013480 0.016748
3 0.323836 0.560049 0.013480 0.017157
3 0.339614 0.559845 0.013787 0.017565
3 0.323989 0.580882 0.013787 0.016340
3 0.339308 0.581087 0.013787 0.016748
3 0.323989 0.601920 0.013787 0.016748
3 0.339614 0.601920 0.013787 0.016748
3 0.323683 0.622958 0.013174 0.017157
3 0.339461 0.622753 0.013480 0.016748
3 0.323836 0.643791 0.013480 0.017157
3 0.339767 0.643587 0.013480 0.017565
3 0.323683 0.664624 0.013787 0.017157
3 0.339614 0.664828 0.013174 0.017565
3 0.323683 0.685866 0.013787 0.017974
3 0.339614 0.686070 0.014400 0.017565
3 0.386949 0.685662 0.014093 0.017565
3 0.677849 0.536152 0.015012 0.019199
3 0.677849 0.556781 0.015625 0.019608
3 0.678462 0.578431 0.015012 0.019608
3 0.678156 0.599469 0.015012 0.019199
3 0.678615 0.620915 0.014706 0.018791
3 0.678615 0.641953 0.014706 0.019199
3 0.679075 0.663399 0.015012 0.019608
3 0.679075 0.684436 0.015012 0.019199
3 0.694240 0.536356 0.014706 0.018791
3 0.710172 0.535948 0.014706 0.019608
3 0.693934 0.557190 0.014706 0.019608
3 0.710172 0.557598 0.014706 0.018791
3 0.694393 0.577819 0.014400 0.019199
3 0.710478 0.578227 0.014706 0.019199
3 0.694393 0.599469 0.014400 0.019199
3 0.709865 0.599469 0.014706 0.019199
3 0.694393 0.620507 0.014400 0.019608
3 0.710325 0.620507 0.015012 0.019608
3 0.694700 0.642157 0.015012 0.018791
3 0.710938 0.641748 0.015012 0.019608
3 0.695159 0.663399 0.014706 0.019608
3 0.695312 0.685049 0.014400 0.019608
3 0.711244 0.684641 0.014400 0.019608
3 0.856158 0.685458 0.015012 0.020425
2 0.313419 0.607026 0.224877 0.194444
2 0.539675 0.605392 0.213542 0.193627
2 0.752145 0.603554 0.229779 0.194036
