3 0.676930 0.537582 0.013787 0.017157
3 0.693321 0.537377 0.012868 0.016748
3 0.709099 0.536969 0.013174 0.017565
3 0.725184 0.537377 0.013480 0.017565
3 0.741575 0.537377 0.013174 0.017565
3 0.757506 0.537377 0.013174 0.017565
3 0.677237 0.558619 0.013174 0.015931
3 0.693474 0.558619 0.013174 0.016748
3 0.709252 0.558824 0.013480 0.017157
3 0.725490 0.559028 0.012868 0.016748
3 0.773744 0.537377 0.012561 0.016748
3 0.789982 0.537173 0.013787 0.017157
3 0.856158 0.685662 0.012561 0.016748
3 0.741881 0.558415 0.013174 0.016340
3 0.757659 0.558824 0.013480 0.016340
3 0.773591 0.558619 0.013480 0.016748
3 0.789982 0.558415 0.013174 0.017157
3 0.806373 0.559028 0.013480 0.016748
3 0.677543 0.579657 0.013174 0.016340
3 0.693934 0.579657 0.012868 0.016340
3 0.709712 0.579861 0.013174 0.015931
3 0.725797 0.579453 0.012868 0.015931
3 0.741575 0.579453 0.013174 0.015931
3 0.757506 0.579453 0.013174 0.016748
3 0.678002 0.600899 0.012868 0.016340
3 0.693934 0.600490 0.012868 0.016340
3 0.710018 0.601103 0.013174 0.016748
3 0.726103 0.600694 0.012868 0.016748
3 0.741575 0.600490 0.012561 0.016340
3 0.757966 0.600899 0.013480 0.017157
3 0.678462 0.622141 0.013174 0.016340
3 0.694240 0.621324 0.013480 0.017157
3 0.710172 0.622141 0.013480 0.016340
3 0.726256 0.622141 0.013174 0.016340
3 0.742188 0.622141 0.013174 0.016340
3 0.758272 0.622345 0.013480 0.016748
3 0.678462 0.643178 0.013174 0.016748
3 0.694547 0.643382 0.012868 0.016340
3 0.710325 0.643382 0.013174 0.017157
3 0.726256 0.643791 0.013174 0.016340
3 0.742341 0.643382 0.013480 0.016340
3 0.758732 0.643178 0.013174 0.016748
3 0.678615 0.664624 0.012868 0.016340
3 0.694700 0.664420 0.013174 0.016748
3 0.678615 0.685253 0.013480 0.016748
3 0.694853 0.685458 0.012868 0.017157
3 0.710478 0.664828 0.012868 0.016748
3 0.710784 0.685662 0.013480 0.016748
3 0.726716 0.664624 0.014093 0.016340
3 0.726869 0.685662 0.013174 0.016748
3 0.742953 0.664624 0.012868 0.017157
3 0.743107 0.685866 0.013174 0.016340
3 0.758578 0.664420 0.013480 0.016748
3 0.758885 0.685866 0.013480 0.017157
3 0.773897 0.579453 0.012868 0.015931
3 0.790135 0.579453 0.014093 0.016748
3 0.806219 0.579657 0.013787 0.017157
3 0.774203 0.600490 0.013480 0.016340
3 0.790135 0.600694 0.013480 0.016748
3 0.806679 0.600490 0.013480 0.016340
3 0.774357 0.621936 0.013787 0.016748
3 0.790441 0.622141 0.013480 0.017157
3 0.806373 0.622141 0.013480 0.017157
3 0.774510 0.643587 0.014093 0.016748
3 0.790594 0.643178 0.013787 0.016748
3 0.806526 0.643178 0.013787 0.016748
3 0.775276 0.664828 0.013787 0.016748
3 0.790594 0.664828 0.013787 0.017565
3 0.806985 0.664624 0.014093 0.017974
3 0.775123 0.685866 0.014093 0.017157
3 0.791207 0.685866 0.014400 0.017157
3 0.807445 0.685662 0.013787 0.016748
2 0.751379 0.606209 0.233150 0.196078
3 0.386489 0.685662 0.015012 0.019199
3 0.212776 0.539828 0.014400 0.019199
3 0.228707 0.540033 0.015012 0.019608
3 0.244638 0.539828 0.015012 0.020016
3 0.212776 0.560866 0.013787 0.017974
3 0.228248 0.561275 0.014706 0.017974
3 0.244638 0.560866 0.015012 0.018791
3 0.212623 0.582312 0.014093 0.018382
3 0.228401 0.581291 0.014400 0.017974
3 0.244179 0.581495 0.014706 0.018382
3 0.212316 0.603145 0.014706 0.017565
3 0.212469 0.623979 0.014400 0.018382
3 0.212316 0.645016 0.014093 0.017974
3 0.212469 0.666258 0.014400 0.018791
3 0.212469 0.687296 0.014400 0.019199
3 0.228248 0.602941 0.014706 0.018791
3 0.227635 0.623979 0.015319 0.018382
3 0.228248 0.645016 0.015319 0.018791
3 0.228248 0.666462 0.015319 0.019199
3 0.228094 0.687092 0.015625 0.018791
3 0.244179 0.602533 0.014706 0.019608
3 0.244485 0.623775 0.015319 0.018791
3 0.244179 0.644608 0.015319 0.018791
3 0.244179 0.687296 0.014706 0.018382
2 0.313572 0.606618 0.227635 0.193627
