3 0.676777 0.325368 0.014093 0.015931
3 0.692708 0.325368 0.012868 0.016748
3 0.708793 0.324959 0.013174 0.016748
3 0.724724 0.324755 0.013174 0.017157
3 0.740962 0.324755 0.013174 0.017157
3 0.676471 0.346609 0.012868 0.015931
3 0.692708 0.346814 0.012868 0.017157
3 0.708640 0.346201 0.012868 0.016748
3 0.724724 0.346201 0.013174 0.016748
3 0.740502 0.345792 0.013480 0.016748
3 0.676777 0.367851 0.012868 0.015931
3 0.693321 0.367851 0.013480 0.016748
3 0.708487 0.367443 0.012561 0.016748
3 0.724877 0.367443 0.012868 0.016748
3 0.740656 0.366830 0.013787 0.016340
3 0.676930 0.389093 0.013174 0.016748
3 0.677083 0.409926 0.013480 0.016748
3 0.676930 0.430760 0.013174 0.016748
3 0.677390 0.451797 0.013480 0.017157
3 0.677083 0.473039 0.013480 0.017157
3 0.692862 0.388685 0.013174 0.016748
3 0.708793 0.388276 0.013174 0.016748
3 0.724571 0.388072 0.013480 0.017157
3 0.740809 0.388072 0.013480 0.017157
3 0.693015 0.409722 0.012868 0.016340
3 0.708946 0.410131 0.012868 0.016340
3 0.724724 0.409518 0.013787 0.016748
3 0.740656 0.409109 0.013174 0.016748
3 0.693015 0.430556 0.013480 0.017157
3 0.693015 0.451593 0.013480 0.016748
3 0.693015 0.472426 0.012868 0.016748
3 0.708793 0.430760 0.013174 0.016748
3 0.709099 0.451389 0.013174 0.016340
3 0.708946 0.472426 0.013480 0.016748
3 0.725031 0.430556 0.013174 0.017157
3 0.740809 0.430351 0.013480 0.017565
3 0.724724 0.451389 0.013174 0.016340
3 0.725184 0.472631 0.013480 0.017157
3 0.741115 0.451593 0.013480 0.016748
3 0.741115 0.472631 0.013480 0.017157
3 0.757047 0.324551 0.013480 0.017565
3 0.772672 0.324142 0.013480 0.017565
3 0.789062 0.323938 0.013787 0.017974
3 0.756893 0.345792 0.013787 0.017565
3 0.772825 0.345588 0.013174 0.017157
3 0.788909 0.345180 0.013480 0.017157
3 0.805300 0.345180 0.013174 0.017974
3 0.756740 0.366830 0.013480 0.017157
3 0.772978 0.366830 0.013480 0.017157
3 0.789369 0.366217 0.013787 0.017565
3 0.804994 0.366422 0.013787 0.016340
3 0.757047 0.387459 0.013480 0.017565
3 0.772978 0.387868 0.013480 0.017565
3 0.789216 0.387663 0.013480 0.017157
3 0.805147 0.387051 0.013480 0.017565
3 0.756893 0.409314 0.013174 0.017157
3 0.773131 0.408701 0.013787 0.016748
3 0.789216 0.408905 0.013480 0.017157
3 0.804841 0.408701 0.013480 0.016748
3 0.757047 0.430147 0.013480 0.017157
3 0.757047 0.450980 0.013480 0.017157
3 0.756740 0.472631 0.013480 0.017157
3 0.773131 0.430147 0.013787 0.017974
3 0.773284 0.450980 0.014093 0.017157
3 0.772978 0.472222 0.014093 0.017157
3 0.789216 0.429739 0.013480 0.017157
3 0.805300 0.429534 0.013787 0.016748
3 0.789216 0.450776 0.014093 0.017565
3 0.805607 0.451389 0.013787 0.017157
3 0.789369 0.472018 0.013787 0.017565
3 0.805607 0.472426 0.014400 0.017565
3 0.854013 0.472018 0.013174 0.017565
3 0.679534 0.750204 0.015319 0.020833
3 0.824142 0.750408 0.015931 0.020425
3 0.840227 0.750408 0.015625 0.021242
3 0.856158 0.751225 0.016238 0.020425
3 0.840380 0.772467 0.015319 0.020425
3 0.856311 0.772672 0.015931 0.020016
3 0.824295 0.793709 0.015625 0.019608
3 0.840227 0.793709 0.016238 0.020425
3 0.856311 0.793913 0.015319 0.020833
3 0.824449 0.815359 0.015319 0.020425
3 0.840686 0.815564 0.016544 0.020833
3 0.856618 0.815972 0.015319 0.020016
3 0.825368 0.836601 0.015319 0.019608
3 0.841146 0.837010 0.015625 0.019608
3 0.856924 0.837010 0.015319 0.019608
3 0.825214 0.858047 0.015012 0.020016
3 0.840839 0.858047 0.015625 0.020016
3 0.856771 0.858252 0.015625 0.020425
3 0.825214 0.879698 0.015012 0.020016
3 0.840993 0.879493 0.015931 0.020425
3 0.857077 0.879698 0.015625 0.020016
3 0.825214 0.900123 0.015012 0.020833
3 0.840839 0.900123 0.015625 0.020833
3 0.856924 0.900327 0.015931 0.020425
2 0.749847 0.404208 0.233150 0.194853
2 0.752757 0.804943 0.232230 0.214461
