2 0.308211 0.808619 0.221814 0.219363
2 0.533548 0.805964 0.215380 0.213235
3 0.210631 0.758374 0.015625 0.020833
3 0.353860 0.756944 0.014093 0.020425
3 0.369485 0.756740 0.014093 0.020016
3 0.385723 0.755923 0.015319 0.020016
3 0.369792 0.777778 0.014706 0.018791
3 0.385723 0.777165 0.015319 0.020016
3 0.354013 0.799428 0.014400 0.019608
3 0.369792 0.799224 0.014706 0.020016
3 0.385876 0.799224 0.015625 0.020016
3 0.354167 0.820874 0.015319 0.019199
3 0.370251 0.820874 0.014400 0.019199
3 0.385570 0.820261 0.014400 0.019608
3 0.354167 0.842116 0.015319 0.019199
3 0.370098 0.841912 0.014706 0.018791
3 0.385723 0.841503 0.014706 0.020425
3 0.353860 0.862949 0.014706 0.020016
3 0.369945 0.862745 0.014400 0.020425
3 0.385876 0.862949 0.014400 0.020016
3 0.353707 0.884395 0.014400 0.018791
3 0.370098 0.884191 0.014706 0.019199
3 0.386183 0.884191 0.014400 0.019199
3 0.354167 0.905025 0.014093 0.019199
3 0.370098 0.905025 0.014706 0.019199
3 0.385876 0.905025 0.014400 0.020016
