0 0.746875 0.633333 0.065625 0.0791667 0.725421
0 0.745313 0.269792 0.0625 0.0854167 0.803069
0 0.748438 0.819792 0.065625 0.09375 0.826739
0 0.757031 0.908333 0.0640625 0.0833333 0.830464
0 0.752344 0.54375 0.0671875 0.0791667 0.830664
0 0.816406 0.633333 0.0640625 0.0875 0.841851
0 0.816406 0.266667 0.0640625 0.0958333 0.844669
0 0.747656 0.361458 0.0640625 0.09375 0.844775
0 0.745313 0.455208 0.065625 0.0979167 0.848334
0 0.746094 0.727083 0.0640625 0.0916667 0.849777
0 0.682031 0.454167 0.0640625 0.0875 0.860017
0 0.814844 0.81875 0.0671875 0.0875 0.868347
0 0.814844 0.454167 0.0671875 0.0875 0.872925
0 0.682813 0.269792 0.059375 0.0895833 0.873456
0 0.683594 0.819792 0.0640625 0.0979167 0.879495
0 0.682813 0.726042 0.065625 0.0979167 0.880276
0 0.821094 0.54375 0.0640625 0.0833333 0.881665
0 0.682813 0.635417 0.05625 0.0875 0.882771
0 0.682813 0.54375 0.0625 0.0875 0.885959
0 0.684375 0.90625 0.059375 0.0875 0.887953
0 0.821094 0.359375 0.0671875 0.09375 0.889229
0 0.820312 0.909375 0.065625 0.0895833 0.892902
0 0.821094 0.727083 0.0640625 0.0875 0.909438
