0 0.071875 0.270833 0.062500 0.083333
0 0.683594 0.263542 0.064062 0.081250
0 0.752344 0.263542 0.060937 0.081250
0 0.818750 0.262500 0.062500 0.083333
0 0.750000 0.351042 0.059375 0.077083
0 0.818750 0.352083 0.062500 0.079167
0 0.684375 0.442708 0.062500 0.081250
0 0.751563 0.442708 0.062500 0.081250
0 0.819531 0.441667 0.060937 0.079167
0 0.683594 0.535417 0.060937 0.079167
0 0.751563 0.534375 0.062500 0.077083
0 0.818750 0.534375 0.059375 0.081250
0 0.684375 0.627083 0.059375 0.079167
0 0.751563 0.627083 0.059375 0.079167
0 0.819531 0.626042 0.060937 0.081250
0 0.682813 0.715625 0.062500 0.081250
0 0.750000 0.716667 0.062500 0.083333
0 0.819531 0.716667 0.060937 0.079167
0 0.684375 0.806250 0.059375 0.079167
0 0.751563 0.808333 0.062500 0.079167
0 0.819531 0.807292 0.060937 0.081250
0 0.753125 0.897917 0.059375 0.075000
0 0.685937 0.897917 0.059375 0.079167
0 0.820312 0.896875 0.059375 0.077083
