0 0.182812 0.194792 0.059375 0.081250
0 0.772656 0.185417 0.060937 0.075000
0 0.838281 0.184375 0.060937 0.077083
0 0.904687 0.186458 0.059375 0.077083
0 0.838281 0.271875 0.060937 0.077083
0 0.903906 0.271875 0.060937 0.077083
0 0.775000 0.361458 0.059375 0.072917
0 0.839063 0.359375 0.059375 0.077083
0 0.903125 0.357292 0.062500 0.077083
0 0.775000 0.446875 0.059375 0.072917
0 0.840625 0.444792 0.062500 0.072917
0 0.905469 0.444792 0.060937 0.077083
0 0.775000 0.533333 0.062500 0.075000
0 0.840625 0.533333 0.059375 0.075000
0 0.905469 0.530208 0.060937 0.077083
0 0.775000 0.620833 0.062500 0.070833
0 0.840625 0.620833 0.059375 0.075000
0 0.907031 0.617708 0.057813 0.077083
0 0.774219 0.707292 0.064062 0.077083
0 0.842969 0.706250 0.060937 0.079167
0 0.905469 0.704167 0.057813 0.079167
0 0.775781 0.794792 0.060937 0.077083
0 0.840625 0.792708 0.059375 0.081250
0 0.906250 0.792708 0.062500 0.077083
