0 0.086719 0.228125 0.057813 0.068750
0 0.088281 0.316667 0.057813 0.070833
0 0.088281 0.403125 0.054688 0.068750
0 0.088281 0.493750 0.054688 0.070833
0 0.089063 0.584375 0.056250 0.077083
0 0.087500 0.670833 0.056250 0.070833
0 0.088281 0.763542 0.057813 0.072917
0 0.087500 0.852083 0.056250 0.070833
0 0.154688 0.226042 0.056250 0.068750
0 0.151562 0.316667 0.056250 0.070833
0 0.154688 0.405208 0.056250 0.072917
0 0.154688 0.494792 0.056250 0.072917
0 0.151562 0.586458 0.056250 0.072917
0 0.151562 0.672917 0.056250 0.070833
0 0.153125 0.762500 0.056250 0.070833
0 0.151562 0.851042 0.056250 0.068750
0 0.219531 0.225000 0.054688 0.070833
0 0.221094 0.313542 0.054688 0.072917
0 0.221094 0.403125 0.054688 0.072917
0 0.220312 0.492708 0.056250 0.068750
0 0.219531 0.582292 0.054688 0.068750
0 0.221094 0.672917 0.057813 0.075000
0 0.218750 0.759375 0.056250 0.072917
0 0.220312 0.847917 0.056250 0.070833
0 0.289062 0.225000 0.053125 0.070833
0 0.354687 0.221875 0.050000 0.072917
0 0.423438 0.221875 0.056250 0.072917
0 0.288281 0.314583 0.054688 0.070833
0 0.287500 0.402083 0.056250 0.070833
0 0.288281 0.491667 0.054688 0.070833
0 0.288281 0.581250 0.054688 0.070833
0 0.287500 0.669792 0.056250 0.077083
0 0.286719 0.759375 0.054688 0.072917
0 0.286719 0.850000 0.054688 0.070833
0 0.489063 0.223958 0.056250 0.068750
0 0.556250 0.221875 0.059375 0.072917
0 0.356250 0.312500 0.056250 0.070833
0 0.423438 0.311458 0.056250 0.072917
0 0.489844 0.312500 0.054688 0.075000
0 0.555469 0.310417 0.057813 0.075000
0 0.624219 0.309375 0.057813 0.072917
0 0.354687 0.400000 0.053125 0.070833
0 0.425000 0.400000 0.059375 0.070833
0 0.489063 0.401042 0.056250 0.072917
0 0.555469 0.401042 0.057813 0.068750
0 0.621094 0.398958 0.057813 0.072917
0 0.355469 0.491667 0.054688 0.070833
0 0.355469 0.579167 0.054688 0.070833
0 0.356250 0.668750 0.056250 0.070833
0 0.354687 0.758333 0.056250 0.070833
0 0.354687 0.848958 0.056250 0.072917
0 0.424219 0.489583 0.054688 0.070833
0 0.422656 0.578125 0.057813 0.068750
0 0.422656 0.667708 0.057813 0.072917
0 0.422656 0.758333 0.057813 0.070833
0 0.422656 0.847917 0.057813 0.075000
0 0.490625 0.488542 0.056250 0.072917
0 0.556250 0.488542 0.056250 0.072917
0 0.624219 0.488542 0.057813 0.072917
0 0.491406 0.577083 0.057813 0.070833
0 0.489844 0.667708 0.057813 0.072917
0 0.487500 0.756250 0.056250 0.070833
0 0.488281 0.845833 0.057813 0.075000
0 0.556250 0.576042 0.056250 0.072917
0 0.556250 0.666667 0.053125 0.070833
0 0.555469 0.755208 0.054688 0.072917
0 0.556250 0.845833 0.056250 0.075000
0 0.623437 0.575000 0.056250 0.075000
0 0.623437 0.665625 0.056250 0.072917
0 0.622656 0.754167 0.054688 0.070833
0 0.623437 0.844792 0.056250 0.072917
0 0.825000 0.843750 0.056250 0.075000
