0 0.917188 0.839583 0.059375 0.075000
0 0.191406 0.231250 0.060937 0.075000
0 0.257031 0.233333 0.057813 0.075000
0 0.319531 0.232292 0.060937 0.072917
0 0.190625 0.318750 0.059375 0.075000
0 0.254688 0.319792 0.059375 0.077083
0 0.319531 0.318750 0.060937 0.075000
0 0.192188 0.405208 0.059375 0.077083
0 0.257812 0.403125 0.059375 0.077083
0 0.322656 0.403125 0.060937 0.077083
0 0.191406 0.489583 0.060937 0.075000
0 0.257031 0.490625 0.057813 0.077083
0 0.319531 0.490625 0.057813 0.077083
0 0.192188 0.577083 0.059375 0.079167
0 0.254688 0.578125 0.059375 0.077083
0 0.322656 0.576042 0.060937 0.077083
0 0.195312 0.664583 0.059375 0.075000
0 0.258594 0.664583 0.060937 0.075000
0 0.325000 0.664583 0.059375 0.075000
0 0.196094 0.750000 0.060937 0.079167
0 0.260156 0.751042 0.060937 0.081250
0 0.196094 0.837500 0.060937 0.075000
0 0.260937 0.838542 0.059375 0.077083
0 0.325000 0.839583 0.062500 0.079167
