0 0.080469 0.216667 0.060937 0.079167
0 0.081250 0.309375 0.059375 0.077083
0 0.083594 0.401042 0.064062 0.081250
0 0.081250 0.492708 0.062500 0.081250
0 0.082031 0.583333 0.064062 0.079167
0 0.081250 0.675000 0.062500 0.079167
0 0.081250 0.766667 0.062500 0.079167
0 0.081250 0.857292 0.059375 0.077083
0 0.150000 0.219792 0.062500 0.081250
0 0.149219 0.310417 0.064062 0.079167
0 0.150000 0.396875 0.065625 0.077083
0 0.149219 0.489583 0.064062 0.079167
0 0.149219 0.582292 0.060937 0.077083
0 0.150000 0.673958 0.065625 0.072917
0 0.149219 0.764583 0.064062 0.075000
0 0.146094 0.858333 0.060937 0.075000
0 0.219531 0.217708 0.064062 0.081250
0 0.220312 0.308333 0.065625 0.083333
0 0.220312 0.397917 0.065625 0.079167
0 0.218750 0.489583 0.065625 0.079167
0 0.218750 0.581250 0.065625 0.079167
0 0.219531 0.670833 0.064062 0.079167
0 0.217969 0.854167 0.064062 0.075000
0 0.833594 0.846875 0.060937 0.077083
