0 0.907031 0.475 0.0640625 0.0875 0.72028
0 0.398438 0.470833 0.0625 0.0916667 0.727605
0 0.119531 0.666667 0.0609375 0.0833333 0.748186
0 0.905469 0.660417 0.0609375 0.0833333 0.759711
0 0.4 0.563542 0.0625 0.0895833 0.765601
0 0.119531 0.276042 0.0609375 0.08125 0.769321
0 0.471875 0.566667 0.065625 0.0833333 0.790231
0 0.11875 0.569792 0.0625 0.0854167 0.790635
0 0.399219 0.6625 0.0640625 0.0958333 0.799622
0 0.471094 0.475 0.0640625 0.0916667 0.80407
0 0.46875 0.661458 0.0625 0.0895833 0.806287
0 0.469531 0.7625 0.0609375 0.0958333 0.807424
0 0.11875 0.376042 0.071875 0.0979167 0.82099
0 0.616406 0.567708 0.0671875 0.0770833 0.821506
0 0.614062 0.280208 0.059375 0.0979167 0.821976
0 0.398438 0.7625 0.0625 0.0958333 0.824162
0 0.617188 0.46875 0.0625 0.0833333 0.825107
0 0.475 0.957292 0.071875 0.0770833 0.827313
0 0.396094 0.283333 0.0671875 0.1 0.827413
0 0.470313 0.861458 0.059375 0.0979167 0.82906
0 0.689062 0.467708 0.065625 0.0854167 0.831276
0 0.401563 0.375 0.06875 0.0791667 0.834155
0 0.760156 0.466667 0.0609375 0.0833333 0.834628
0 0.119531 0.476042 0.0703125 0.09375 0.836438
0 0.907031 0.760417 0.0640625 0.0875 0.836961
0 0.686719 0.565625 0.0671875 0.08125 0.837627
0 0.54375 0.567708 0.071875 0.08125 0.840349
0 0.329688 0.567708 0.0625 0.0895833 0.845108
0 0.545313 0.663542 0.06875 0.08125 0.845861
0 0.329688 0.470833 0.0625 0.0916667 0.84655
0 0.33125 0.663542 0.065625 0.0895833 0.847022
0 0.407031 0.957292 0.0640625 0.0854167 0.848236
0 0.1875 0.7625 0.065625 0.0916667 0.848436
0 0.617188 0.663542 0.06875 0.08125 0.848654
0 0.188281 0.664583 0.0671875 0.0916667 0.850275
0 0.761719 0.664583 0.0703125 0.0916667 0.853888
0 0.688281 0.6625 0.0703125 0.0916667 0.854006
0 0.545313 0.475 0.065625 0.0875 0.856032
0 0.260156 0.566667 0.0609375 0.0875 0.857028
0 0.186719 0.279167 0.0640625 0.1 0.857355
0 0.761719 0.859375 0.0671875 0.09375 0.857894
0 0.686719 0.28125 0.0640625 0.1 0.858039
0 0.189063 0.567708 0.0625 0.0895833 0.858159
0 0.545313 0.955208 0.065625 0.0895833 0.859283
0 0.830469 0.470833 0.0609375 0.0875 0.85941
0 0.691406 0.859375 0.0640625 0.08125 0.859642
0 0.260938 0.663542 0.06875 0.09375 0.860056
0 0.760938 0.565625 0.0625 0.0895833 0.860324
0 0.186719 0.860417 0.0671875 0.0958333 0.861624
0 0.332812 0.955208 0.065625 0.0895833 0.861751
0 0.833594 0.664583 0.0640625 0.0875 0.862012
0 0.689844 0.760417 0.0671875 0.0875 0.862208
0 0.407813 0.859375 0.065625 0.0895833 0.862236
0 0.332812 0.860417 0.0625 0.0916667 0.863065
0 0.695312 0.955208 0.065625 0.0895833 0.863325
0 0.1875 0.955208 0.0625 0.0895833 0.865017
0 0.120312 0.760417 0.065625 0.0875 0.866295
0 0.545313 0.860417 0.0625 0.0916667 0.866698
0 0.760938 0.954167 0.0625 0.0916667 0.866724
0 0.832031 0.565625 0.0609375 0.0895833 0.866921
0 0.832812 0.276042 0.065625 0.0854167 0.867013
0 0.614844 0.372917 0.0640625 0.0875 0.867542
0 0.260938 0.469792 0.0625 0.0854167 0.86766
0 0.257812 0.761458 0.0625 0.0895833 0.868022
0 0.619531 0.759375 0.0640625 0.0895833 0.868345
0 0.686719 0.372917 0.0640625 0.0875 0.868396
0 0.761719 0.760417 0.0671875 0.0958333 0.868608
0 0.120312 0.860417 0.0625 0.0833333 0.869301
0 0.332812 0.376042 0.0625 0.0854167 0.869516
0 0.189063 0.471875 0.065625 0.09375 0.869793
0 0.758594 0.371875 0.0640625 0.0895833 0.871587
0 0.829687 0.372917 0.059375 0.0916667 0.871733
0 0.544531 0.760417 0.0640625 0.0916667 0.871944
0 0.257812 0.282292 0.065625 0.09375 0.872097
0 0.469531 0.277083 0.0640625 0.0875 0.873304
0 0.257812 0.859375 0.0625 0.09375 0.876541
0 0.908594 0.955208 0.0671875 0.0895833 0.878146
0 0.257812 0.954167 0.065625 0.0916667 0.878654
0 0.332031 0.759375 0.0640625 0.0895833 0.883109
0 0.332812 0.277083 0.0625 0.0791667 0.883411
0 0.186719 0.375 0.0703125 0.0958333 0.883579
0 0.757812 0.277083 0.0625 0.0875 0.886127
0 0.470313 0.373958 0.065625 0.08125 0.886471
0 0.542188 0.372917 0.0625 0.0833333 0.886676
0 0.907812 0.859375 0.065625 0.0895833 0.887365
0 0.121094 0.954167 0.0703125 0.0916667 0.888374
0 0.545313 0.276042 0.065625 0.0895833 0.888413
0 0.832812 0.760417 0.0625 0.0916667 0.891193
0 0.832812 0.955208 0.065625 0.0895833 0.8931
0 0.259375 0.373958 0.065625 0.0895833 0.89615
0 0.621094 0.95625 0.0671875 0.0875 0.900854
0 0.832812 0.859375 0.065625 0.09375 0.900971
0 0.620313 0.859375 0.065625 0.0895833 0.902048
