0 0.246875 0.0354167 0.0625 0.0708333 0.771579
0 0.294531 0.566667 0.0609375 0.075 0.777136
0 0.421094 0.834375 0.0640625 0.0729167 0.778539
0 0.627344 0.486458 0.0546875 0.0854167 0.779592
0 0.182812 0.0395833 0.053125 0.0791667 0.798611
0 0.624219 0.573958 0.0546875 0.0895833 0.804616
0 0.423438 0.660417 0.05625 0.0833333 0.809193
0 0.499219 0.307292 0.0609375 0.0854167 0.811957
0 0.307813 0.476042 0.0625 0.08125 0.819651
0 0.432031 0.74375 0.0609375 0.0791667 0.821715
0 0.429688 0.56875 0.053125 0.0833333 0.824929
0 0.492969 0.484375 0.0546875 0.0895833 0.828895
0 0.229687 0.911458 0.059375 0.0770833 0.829386
0 0.164844 0.65 0.0609375 0.0791667 0.830699
0 0.369531 0.477083 0.0640625 0.0833333 0.831759
0 0.495313 0.39375 0.059375 0.0875 0.832786
0 0.239063 0.298958 0.0625 0.0854167 0.833229
0 0.620313 0.660417 0.05625 0.0833333 0.833592
0 0.561719 0.483333 0.0578125 0.0875 0.835909
0 0.366406 0.563542 0.0609375 0.0854167 0.836574
0 0.6375 0.04375 0.059375 0.0791667 0.840419
0 0.749219 0.842708 0.0609375 0.0854167 0.840965
0 0.2375 0.3875 0.059375 0.0833333 0.841305
0 0.555469 0.833333 0.0578125 0.0833333 0.841711
0 0.746094 0.930208 0.0640625 0.09375 0.842501
0 0.750781 0.75625 0.0609375 0.0875 0.843464
0 0.617188 0.752083 0.05625 0.0916667 0.844291
0 0.432031 0.478125 0.0609375 0.0770833 0.84466
0 0.494531 0.74375 0.0640625 0.0833333 0.84592
0 0.160938 0.909375 0.065625 0.08125 0.847128
0 0.49375 0.570833 0.0625 0.075 0.848611
0 0.367969 0.302083 0.0640625 0.0833333 0.849208
0 0.308594 0.391667 0.0671875 0.0916667 0.849874
0 0.489062 0.833333 0.0625 0.0833333 0.849927
0 0.758594 0.488542 0.0640625 0.0895833 0.851628
0 0.752344 0.663542 0.0546875 0.0895833 0.852617
0 0.566406 0.391667 0.0609375 0.0875 0.854503
0 0.234375 0.560417 0.059375 0.0875 0.854573
0 0.360156 0.828125 0.0609375 0.0895833 0.856176
0 0.760938 0.311458 0.0625 0.0979167 0.857306
0 0.685938 0.752083 0.059375 0.0875 0.859034
0 0.1625 0.823958 0.0625 0.0854167 0.859186
0 0.558594 0.926042 0.0671875 0.09375 0.859226
0 0.690625 0.660417 0.059375 0.0833333 0.859774
0 0.232812 0.652083 0.0625 0.0833333 0.860331
0 0.486719 0.921875 0.0609375 0.0895833 0.860672
0 0.290625 0.91875 0.065625 0.0916667 0.861222
0 0.557813 0.744792 0.059375 0.0770833 0.861752
0 0.561719 0.570833 0.0609375 0.0833333 0.861846
0 0.570312 0.0458333 0.05625 0.075 0.862154
0 0.696094 0.491667 0.0640625 0.0833333 0.863516
0 0.435156 0.303125 0.0640625 0.0895833 0.864391
0 0.164062 0.738542 0.0625 0.08125 0.865176
0 0.564844 0.307292 0.0640625 0.0895833 0.865677
0 0.41875 0.925 0.0625 0.1 0.866515
0 0.291406 0.657292 0.0578125 0.0895833 0.86774
0 0.361719 0.65625 0.0609375 0.0875 0.867865
0 0.760156 0.398958 0.0703125 0.0854167 0.868635
0 0.235156 0.475 0.0640625 0.0833333 0.8742
0 0.689062 0.572917 0.059375 0.0791667 0.876367
0 0.30625 0.3 0.0625 0.0875 0.877142
0 0.557813 0.658333 0.059375 0.0833333 0.877244
0 0.433594 0.392708 0.0640625 0.09375 0.879822
0 0.632812 0.394792 0.0625 0.08125 0.880108
0 0.359375 0.91875 0.06875 0.0916667 0.884321
0 0.757812 0.577083 0.059375 0.0791667 0.884816
0 0.359375 0.742708 0.065625 0.08125 0.885952
0 0.294531 0.827083 0.0640625 0.0875 0.88764
0 0.382812 0.0427083 0.0625 0.0770833 0.891614
0 0.503906 0.0447917 0.0546875 0.0770833 0.891649
0 0.685156 0.840625 0.0609375 0.0854167 0.891739
0 0.23125 0.740625 0.059375 0.0770833 0.892149
0 0.694531 0.394792 0.0640625 0.0854167 0.893769
0 0.309375 0.04375 0.0625 0.0833333 0.894098
0 0.695312 0.310417 0.059375 0.0833333 0.894512
0 0.296094 0.742708 0.0671875 0.0895833 0.89531
0 0.621094 0.842708 0.0671875 0.0854167 0.895747
0 0.371094 0.392708 0.0671875 0.0895833 0.896186
0 0.633594 0.310417 0.0640625 0.0875 0.896362
0 0.232812 0.827083 0.065625 0.0875 0.900458
0 0.682813 0.927083 0.0625 0.0916667 0.901035
0 0.496094 0.660417 0.0640625 0.0833333 0.908546
0 0.620313 0.926042 0.065625 0.0895833 0.910281
0 0.446094 0.04375 0.0609375 0.075 0.914128
