0 0.273438 0.732292 0.05625 0.0770833 0.72903
0 0.210156 0.485417 0.0515625 0.0833333 0.788586
0 0.208594 0.319792 0.0515625 0.0895833 0.798651
0 0.210938 0.65 0.053125 0.0833333 0.798655
0 0.267188 0.235417 0.059375 0.0833333 0.803623
0 0.213281 0.563542 0.0484375 0.08125 0.806236
0 0.267969 0.56875 0.0578125 0.0791667 0.813788
0 0.210938 0.817708 0.053125 0.08125 0.814227
0 0.267969 0.4 0.0609375 0.0791667 0.819261
0 0.336719 0.652083 0.0546875 0.0833333 0.820826
0 0.210156 0.23125 0.0484375 0.0875 0.821136
0 0.334375 0.485417 0.05625 0.0791667 0.822784
0 0.272656 0.81875 0.0546875 0.0791667 0.824716
0 0.209375 0.398958 0.053125 0.0854167 0.827477
0 0.211719 0.73125 0.0609375 0.0833333 0.829882
0 0.3375 0.817708 0.05625 0.0854167 0.832233
0 0.333594 0.319792 0.0578125 0.08125 0.832565
0 0.335938 0.230208 0.05625 0.08125 0.835982
0 0.270312 0.655208 0.053125 0.08125 0.83764
0 0.338281 0.398958 0.0546875 0.0770833 0.838233
0 0.339063 0.564583 0.053125 0.0791667 0.840795
0 0.267969 0.486458 0.0515625 0.0854167 0.853503
0 0.266406 0.321875 0.0546875 0.0854167 0.86548
