0 0.0898438 0.49375 0.0671875 0.0875 0.711991
0 0.0945313 0.576042 0.0609375 0.08125 0.728923
0 0.0914062 0.851042 0.0640625 0.0729167 0.732538
0 0.224219 0.66875 0.0609375 0.0833333 0.74417
0 0.0953125 0.675 0.0625 0.0916667 0.762938
0 0.226562 0.397917 0.059375 0.075 0.766737
0 0.225781 0.226042 0.0578125 0.0854167 0.776977
0 0.222656 0.846875 0.0640625 0.0895833 0.783266
0 0.223438 0.58125 0.065625 0.0875 0.800894
0 0.0953125 0.759375 0.0625 0.0895833 0.801204
0 0.158594 0.315625 0.0609375 0.08125 0.801785
0 0.225 0.314583 0.06875 0.0833333 0.807493
0 0.158594 0.225 0.0640625 0.0958333 0.809608
0 0.821094 0.84375 0.0671875 0.0833333 0.826296
0 0.157031 0.847917 0.0609375 0.0791667 0.829937
0 0.221875 0.491667 0.0625 0.0833333 0.835073
0 0.157031 0.58125 0.0640625 0.0791667 0.841564
0 0.158594 0.4 0.0609375 0.0791667 0.866568
0 0.157813 0.670833 0.059375 0.0791667 0.876382
0 0.158594 0.760417 0.0640625 0.0916667 0.894606
0 0.159375 0.492708 0.065625 0.0895833 0.899865
