0 0.557031 0.969792 0.0609375 0.0604167 0.731285
0 0.627344 0.967708 0.0671875 0.0645833 0.73495
0 0.772656 0.969792 0.0671875 0.0604167 0.748074
0 0.913281 0.398958 0.0578125 0.0895833 0.749712
0 0.699219 0.96875 0.0703125 0.0625 0.753691
0 0.915625 0.495833 0.059375 0.0833333 0.771093
0 0.260938 0.967708 0.065625 0.0645833 0.780976
0 0.120312 0.492708 0.0625 0.0854167 0.794239
0 0.478125 0.967708 0.059375 0.0645833 0.798491
0 0.114844 0.970833 0.0703125 0.0583333 0.798887
0 0.916406 0.591667 0.0578125 0.0833333 0.80012
0 0.842188 0.967708 0.0625 0.0645833 0.801065
0 0.621875 0.295833 0.0625 0.1 0.803497
0 0.40625 0.967708 0.065625 0.0645833 0.806806
0 0.55 0.492708 0.059375 0.0895833 0.812966
0 0.116406 0.583333 0.0796875 0.0916667 0.813134
0 0.334375 0.967708 0.065625 0.0645833 0.816818
0 0.1875 0.96875 0.065625 0.0625 0.818749
0 0.621094 0.591667 0.0609375 0.1 0.819438
0 0.116406 0.688542 0.0546875 0.09375 0.819877
0 0.621094 0.690625 0.0609375 0.102083 0.820602
0 0.190625 0.590625 0.0625 0.0979167 0.822691
0 0.621875 0.49375 0.0625 0.0958333 0.82387
0 0.696094 0.889583 0.0609375 0.104167 0.824343
0 0.920313 0.792708 0.0625 0.0854167 0.825899
0 0.915625 0.970833 0.065625 0.0583333 0.8267
0 0.626562 0.8875 0.06875 0.0791667 0.827997
0 0.553125 0.688542 0.065625 0.0854167 0.828054
0 0.557031 0.591667 0.0640625 0.0875 0.830871
0 0.621094 0.394792 0.0703125 0.0895833 0.831219
0 0.621875 0.789583 0.0625 0.1 0.833027
0 0.550781 0.392708 0.0640625 0.0895833 0.833047
0 0.482812 0.691667 0.065625 0.0875 0.837837
0 0.189063 0.689583 0.0625 0.1 0.838365
0 0.549219 0.294792 0.0640625 0.0979167 0.838542
0 0.694531 0.492708 0.0640625 0.0979167 0.838814
0 0.695312 0.592708 0.0625 0.09375 0.839078
0 0.692187 0.690625 0.059375 0.10625 0.839646
0 0.408594 0.689583 0.0640625 0.0958333 0.840273
0 0.553906 0.7875 0.0671875 0.0875 0.840365
0 0.554688 0.885417 0.065625 0.0875 0.841189
0 0.76875 0.890625 0.059375 0.102083 0.841278
0 0.69375 0.791667 0.0625 0.104167 0.843271
0 0.84375 0.29375 0.065625 0.0958333 0.845045
0 0.920313 0.892708 0.065625 0.0895833 0.845387
0 0.482031 0.888542 0.0609375 0.09375 0.845422
0 0.767187 0.789583 0.0625 0.104167 0.846432
0 0.482812 0.592708 0.065625 0.0895833 0.84646
0 0.335156 0.888542 0.0609375 0.0979167 0.84653
0 0.335938 0.689583 0.0625 0.0958333 0.846629
0 0.335156 0.491667 0.0640625 0.0875 0.847085
0 0.332812 0.392708 0.0625 0.09375 0.847605
0 0.478906 0.295833 0.0640625 0.0916667 0.848368
0 0.119531 0.292708 0.0640625 0.0854167 0.848492
0 0.694531 0.294792 0.0609375 0.09375 0.84935
0 0.920313 0.692708 0.0625 0.0854167 0.850474
0 0.841406 0.888542 0.0578125 0.09375 0.850694
0 0.2625 0.589583 0.0625 0.0958333 0.85144
0 0.335156 0.589583 0.0640625 0.0958333 0.852699
0 0.482812 0.492708 0.065625 0.0895833 0.852824
0 0.191406 0.886458 0.0765625 0.0854167 0.853358
0 0.115625 0.788542 0.05625 0.0979167 0.854178
0 0.1875 0.7875 0.065625 0.104167 0.854499
0 0.2625 0.688542 0.0625 0.102083 0.855531
0 0.195312 0.491667 0.06875 0.0958333 0.855728
0 0.407813 0.7875 0.065625 0.0958333 0.855793
0 0.264062 0.8875 0.075 0.0875 0.85846
0 0.694531 0.39375 0.0640625 0.0958333 0.859521
0 0.191406 0.29375 0.0671875 0.0958333 0.859765
0 0.263281 0.490625 0.0640625 0.09375 0.860005
0 0.482812 0.791667 0.065625 0.0916667 0.860726
0 0.408594 0.8875 0.0640625 0.1 0.860746
0 0.770312 0.691667 0.065625 0.0958333 0.860899
0 0.482812 0.392708 0.065625 0.0895833 0.86134
0 0.332812 0.292708 0.0625 0.09375 0.861982
0 0.841406 0.790625 0.0609375 0.0979167 0.862332
0 0.407813 0.492708 0.0625 0.0895833 0.862998
0 0.407813 0.592708 0.0625 0.0895833 0.863194
0 0.2625 0.295833 0.065625 0.0958333 0.864112
0 0.2625 0.392708 0.06875 0.0979167 0.866974
0 0.261719 0.7875 0.0640625 0.1 0.867208
0 0.115625 0.8875 0.0625 0.0958333 0.86783
0 0.845312 0.692708 0.065625 0.0895833 0.867991
0 0.845312 0.392708 0.06875 0.0979167 0.868208
0 0.335938 0.788542 0.065625 0.102083 0.871073
0 0.845312 0.492708 0.065625 0.0895833 0.87386
0 0.407813 0.392708 0.065625 0.09375 0.874874
0 0.771094 0.492708 0.0671875 0.0979167 0.879617
0 0.770312 0.592708 0.065625 0.09375 0.885419
0 0.195312 0.392708 0.06875 0.09375 0.888265
0 0.770312 0.29375 0.065625 0.0958333 0.892417
0 0.845312 0.592708 0.065625 0.0895833 0.893475
0 0.407813 0.29375 0.065625 0.0916667 0.894094
0 0.770312 0.39375 0.065625 0.0958333 0.894158
