0 0.928125 0.85625 0.05625 0.0833333 0.726877
0 0.250781 0.229167 0.0546875 0.0916667 0.810025
0 0.25 0.586458 0.0625 0.0854167 0.824336
0 0.186719 0.585417 0.0578125 0.0958333 0.834024
0 0.184375 0.321875 0.059375 0.0979167 0.836417
0 0.246875 0.322917 0.0625 0.0875 0.839876
0 0.320312 0.227083 0.065625 0.0916667 0.840457
0 0.257812 0.408333 0.0625 0.0833333 0.841469
0 0.1875 0.85 0.059375 0.0958333 0.844786
0 0.257812 0.49375 0.0625 0.0875 0.852153
0 0.190625 0.759375 0.065625 0.09375 0.852737
0 0.258594 0.675 0.0671875 0.0916667 0.853966
0 0.316406 0.586458 0.0609375 0.0895833 0.85456
0 0.316406 0.404167 0.0578125 0.0833333 0.857637
0 0.185937 0.228125 0.0625 0.0979167 0.859233
0 0.186719 0.671875 0.0640625 0.0895833 0.862045
0 0.317969 0.854167 0.0671875 0.0916667 0.86216
0 0.317969 0.672917 0.0640625 0.0833333 0.864585
0 0.315625 0.321875 0.065625 0.0854167 0.864636
0 0.186719 0.49375 0.0671875 0.0916667 0.865114
0 0.25625 0.851042 0.065625 0.0854167 0.867962
0 0.319531 0.49375 0.0640625 0.0916667 0.874524
0 0.185937 0.40625 0.0625 0.0916667 0.874531
0 0.257812 0.760417 0.0625 0.0875 0.903939
