0 0.357031 0.541667 0.0609375 0.0791667 0.747688
0 0.86875 0.297917 0.05625 0.0833333 0.762648
0 0.670313 0.634375 0.0625 0.0770833 0.777209
0 0.798437 0.639583 0.053125 0.0791667 0.784036
0 0.352344 0.451042 0.0546875 0.08125 0.786418
0 0.671875 0.4625 0.05625 0.0833333 0.799406
0 0.800781 0.55625 0.0546875 0.0791667 0.807185
0 0.669531 0.55 0.0578125 0.0916667 0.809636
0 0.352344 0.361458 0.0546875 0.08125 0.810321
0 0.474219 0.885417 0.0609375 0.0833333 0.813061
0 0.346094 0.709375 0.0609375 0.0895833 0.81484
0 0.682813 0.376042 0.0625 0.08125 0.816933
0 0.542188 0.886458 0.065625 0.0729167 0.816978
0 0.797656 0.810417 0.0578125 0.0833333 0.819725
0 0.796875 0.726042 0.05625 0.0854167 0.822296
0 0.347656 0.625 0.0578125 0.0875 0.827604
0 0.7375 0.55 0.053125 0.0833333 0.828497
0 0.476562 0.795833 0.05625 0.0833333 0.828581
0 0.795313 0.89375 0.0625 0.0875 0.830551
0 0.867188 0.46875 0.05625 0.075 0.830973
0 0.417969 0.363542 0.0578125 0.08125 0.833216
0 0.345313 0.795833 0.059375 0.0875 0.833922
0 0.803125 0.463542 0.05 0.08125 0.834721
0 0.804688 0.378125 0.059375 0.08125 0.836283
0 0.607813 0.71875 0.05625 0.0791667 0.837847
0 0.607813 0.891667 0.0625 0.0833333 0.838936
0 0.7375 0.634375 0.05625 0.0770833 0.840433
0 0.739062 0.376042 0.0625 0.08125 0.840441
0 0.866406 0.386458 0.0578125 0.0729167 0.840901
0 0.863281 0.894792 0.0671875 0.08125 0.841624
0 0.544531 0.370833 0.0609375 0.0833333 0.841935
0 0.415625 0.453125 0.059375 0.0895833 0.842133
0 0.609375 0.630208 0.053125 0.08125 0.84409
0 0.539844 0.801042 0.0609375 0.08125 0.844865
0 0.545313 0.711458 0.059375 0.0770833 0.844913
0 0.542969 0.2875 0.0578125 0.0958333 0.845621
0 0.357812 0.276042 0.0625 0.08125 0.846966
0 0.8625 0.808333 0.059375 0.0833333 0.848147
0 0.682813 0.291667 0.0625 0.0833333 0.849061
0 0.413281 0.794792 0.0609375 0.0854167 0.849914
0 0.483594 0.283333 0.0578125 0.0833333 0.850368
0 0.420312 0.710417 0.059375 0.0791667 0.851553
0 0.414062 0.882292 0.065625 0.08125 0.851699
0 0.345313 0.877083 0.059375 0.0791667 0.853308
0 0.740625 0.461458 0.0625 0.0854167 0.853332
0 0.482812 0.365625 0.053125 0.0770833 0.85348
0 0.667188 0.721875 0.05625 0.0895833 0.855064
0 0.482812 0.459375 0.0625 0.0854167 0.857498
0 0.610156 0.458333 0.0609375 0.0791667 0.857631
0 0.607813 0.54375 0.059375 0.0833333 0.863564
0 0.610937 0.286458 0.059375 0.0895833 0.864131
0 0.6125 0.372917 0.059375 0.0791667 0.864216
0 0.545313 0.460417 0.0625 0.0875 0.864316
0 0.605469 0.802083 0.0546875 0.0791667 0.864922
0 0.735937 0.720833 0.059375 0.0791667 0.866201
0 0.870313 0.642708 0.0625 0.08125 0.869343
0 0.284375 0.620833 0.0625 0.0833333 0.870033
0 0.871094 0.559375 0.0640625 0.0770833 0.872097
0 0.545313 0.628125 0.059375 0.08125 0.874202
0 0.482812 0.711458 0.059375 0.0729167 0.874575
0 0.285937 0.70625 0.065625 0.0791667 0.874856
0 0.732813 0.89375 0.0625 0.0875 0.879371
0 0.421094 0.542708 0.0609375 0.0770833 0.879403
0 0.482812 0.628125 0.059375 0.08125 0.879502
0 0.871094 0.726042 0.0640625 0.0854167 0.880539
0 0.48125 0.539583 0.053125 0.0791667 0.881299
0 0.66875 0.807292 0.0625 0.08125 0.882107
0 0.283594 0.877083 0.0609375 0.0833333 0.882454
0 0.420312 0.278125 0.0625 0.08125 0.885414
0 0.735156 0.807292 0.0609375 0.08125 0.88676
0 0.283594 0.79375 0.0609375 0.0875 0.887005
0 0.546094 0.54375 0.0609375 0.0791667 0.88865
0 0.421094 0.627083 0.0609375 0.0791667 0.889544
0 0.671094 0.892708 0.0640625 0.0854167 0.892794
0 0.807813 0.29375 0.0625 0.0833333 0.895801
0 0.746094 0.29375 0.0640625 0.0833333 0.903476
