0 0.935938 0.29375 0.0625 0.075 0.745792
0 0.871875 0.835417 0.065625 0.0833333 0.766987
0 0.935156 0.472917 0.0578125 0.075 0.791465
0 0.9375 0.386458 0.059375 0.0854167 0.79289
0 0.188281 0.291667 0.0578125 0.0875 0.797739
0 0.798437 0.292708 0.05625 0.0895833 0.805167
0 0.798437 0.472917 0.06875 0.0916667 0.822054
0 0.86875 0.5625 0.059375 0.0875 0.823138
0 0.940625 0.563542 0.05625 0.08125 0.830312
0 0.801562 0.561458 0.0625 0.0895833 0.833407
0 0.9375 0.926042 0.059375 0.08125 0.842655
0 0.938281 0.65625 0.0640625 0.0833333 0.843227
0 0.939062 0.835417 0.0625 0.0791667 0.8459
0 0.870313 0.292708 0.065625 0.0979167 0.85017
0 0.938281 0.745833 0.0609375 0.0875 0.854741
0 0.808594 0.926042 0.0671875 0.09375 0.857491
0 0.805469 0.835417 0.0609375 0.0833333 0.862042
0 0.869531 0.377083 0.0640625 0.0916667 0.864148
0 0.86875 0.658333 0.0625 0.0875 0.867555
0 0.807031 0.65625 0.0703125 0.0791667 0.875145
0 0.807813 0.748958 0.065625 0.08125 0.881879
0 0.869531 0.475 0.0609375 0.0875 0.887009
0 0.871094 0.74375 0.0640625 0.0875 0.88844
0 0.870313 0.927083 0.065625 0.0916667 0.906687
