0 0.810156 0.271875 0.0546875 0.0979167 0.804958
0 0.673437 0.276042 0.0625 0.0895833 0.812518
0 0.809375 0.359375 0.065625 0.09375 0.812716
0 0.672656 0.730208 0.0640625 0.09375 0.821245
0 0.674219 0.55 0.0640625 0.0916667 0.822446
0 0.678125 0.914583 0.06875 0.0791667 0.83044
0 0.810938 0.54375 0.0625 0.0916667 0.832121
0 0.673437 0.642708 0.0625 0.0895833 0.83263
0 0.814062 0.913542 0.065625 0.08125 0.836373
0 0.811719 0.6375 0.0640625 0.0875 0.850398
0 0.672656 0.458333 0.0640625 0.1 0.851613
0 0.809375 0.45625 0.065625 0.0916667 0.85625
0 0.810938 0.822917 0.065625 0.0875 0.863658
0 0.674219 0.822917 0.0671875 0.0958333 0.865725
0 0.811719 0.726042 0.0640625 0.0895833 0.868633
0 0.745313 0.361458 0.0625 0.0854167 0.872405
0 0.742188 0.271875 0.065625 0.09375 0.876242
0 0.745313 0.544792 0.0625 0.08125 0.883983
0 0.745313 0.909375 0.065625 0.0854167 0.885769
0 0.739844 0.823958 0.0609375 0.0854167 0.893993
0 0.745313 0.64375 0.065625 0.0833333 0.894319
0 0.745313 0.728125 0.0625 0.08125 0.895043
0 0.746094 0.459375 0.0671875 0.0895833 0.897361
