0 0.145313 0.86875 0.053125 0.0708333 0.728997
0 0.078125 0.865625 0.046875 0.0770833 0.729807
0 0.0835937 0.225 0.0578125 0.0791667 0.730315
0 0.420312 0.865625 0.059375 0.0729167 0.75032
0 0.0835937 0.408333 0.0578125 0.075 0.763088
0 0.0796875 0.777083 0.053125 0.075 0.775372
0 0.217187 0.867708 0.059375 0.0729167 0.793137
0 0.425 0.495833 0.05625 0.0833333 0.793691
0 0.421875 0.40625 0.059375 0.0791667 0.79732
0 0.14375 0.778125 0.05625 0.08125 0.799667
0 0.420312 0.682292 0.059375 0.08125 0.805013
0 0.842188 0.8625 0.05 0.0708333 0.807048
0 0.417969 0.310417 0.0578125 0.0833333 0.811687
0 0.142969 0.226042 0.0609375 0.0770833 0.815293
0 0.142969 0.686458 0.0546875 0.08125 0.81733
0 0.214844 0.685417 0.0578125 0.0833333 0.818621
0 0.215625 0.315625 0.0625 0.0770833 0.820324
0 0.21875 0.497917 0.059375 0.0791667 0.822681
0 0.35625 0.683333 0.059375 0.0791667 0.824632
0 0.421094 0.590625 0.0578125 0.08125 0.82707
0 0.284375 0.866667 0.053125 0.075 0.827186
0 0.14375 0.319792 0.053125 0.0770833 0.827894
0 0.5625 0.677083 0.065625 0.0833333 0.830323
0 0.285937 0.313542 0.0625 0.0770833 0.835756
0 0.566406 0.8625 0.0640625 0.0833333 0.838768
0 0.564062 0.4 0.059375 0.0791667 0.843239
0 0.424219 0.222917 0.0609375 0.0875 0.845301
0 0.5625 0.221875 0.0625 0.0854167 0.845954
0 0.5625 0.586458 0.059375 0.08125 0.846921
0 0.145313 0.594792 0.059375 0.08125 0.847582
0 0.145313 0.409375 0.0625 0.0854167 0.847778
0 0.357812 0.775 0.0625 0.0833333 0.848299
0 0.285937 0.589583 0.0625 0.0791667 0.84845
0 0.354688 0.865625 0.059375 0.0729167 0.849602
0 0.285156 0.683333 0.0609375 0.0791667 0.849631
0 0.219531 0.592708 0.0640625 0.0854167 0.849851
0 0.420312 0.776042 0.0625 0.0770833 0.851088
0 0.357812 0.592708 0.0625 0.0770833 0.85252
0 0.491406 0.3125 0.0640625 0.0833333 0.852662
0 0.633594 0.5875 0.0671875 0.0833333 0.853299
0 0.35625 0.403125 0.059375 0.0770833 0.853351
0 0.491406 0.680208 0.0640625 0.08125 0.854944
0 0.2875 0.495833 0.0625 0.0833333 0.855029
0 0.285156 0.223958 0.0640625 0.08125 0.855922
0 0.495313 0.409375 0.0625 0.08125 0.856069
0 0.5625 0.769792 0.059375 0.08125 0.856502
0 0.632812 0.4 0.05625 0.0791667 0.856533
0 0.632812 0.76875 0.05625 0.0791667 0.856882
0 0.220313 0.776042 0.0625 0.0770833 0.861659
0 0.492969 0.8625 0.0578125 0.0875 0.862731
0 0.563281 0.309375 0.0703125 0.08125 0.86323
0 0.491406 0.588542 0.0609375 0.08125 0.866908
0 0.354688 0.313542 0.059375 0.0854167 0.868163
0 0.285156 0.773958 0.0640625 0.08125 0.869137
0 0.628906 0.310417 0.0578125 0.0791667 0.869363
0 0.564844 0.492708 0.0640625 0.08125 0.870261
0 0.353906 0.494792 0.0578125 0.08125 0.870821
0 0.632812 0.491667 0.059375 0.0791667 0.873153
0 0.358594 0.226042 0.0640625 0.0854167 0.873994
0 0.283594 0.407292 0.0671875 0.0770833 0.878357
0 0.220313 0.227083 0.065625 0.0833333 0.879007
0 0.496094 0.776042 0.0671875 0.0854167 0.879839
0 0.491406 0.222917 0.0609375 0.0875 0.881533
0 0.628906 0.677083 0.0578125 0.0833333 0.88163
0 0.220313 0.410417 0.065625 0.0833333 0.88418
0 0.629687 0.861458 0.05625 0.08125 0.88578
0 0.492188 0.495833 0.059375 0.0833333 0.887321
