0 0.144531 0.864583 0.0546875 0.0666667 0.705391
0 0.08125 0.410417 0.05625 0.075 0.70785
0 0.146875 0.504167 0.05625 0.075 0.711009
0 0.0828125 0.863542 0.05 0.0729167 0.739136
0 0.146094 0.775 0.0546875 0.075 0.747888
0 0.084375 0.325 0.059375 0.0833333 0.756588
0 0.0796875 0.775 0.053125 0.075 0.765252
0 0.419531 0.494792 0.0578125 0.08125 0.770982
0 0.144531 0.594792 0.0578125 0.0770833 0.775702
0 0.623438 0.496875 0.05625 0.0770833 0.787804
0 0.146094 0.414583 0.0546875 0.0791667 0.789829
0 0.0789063 0.507292 0.0515625 0.0645833 0.791115
0 0.0820312 0.592708 0.0484375 0.0770833 0.802208
0 0.217969 0.861458 0.0546875 0.0854167 0.802951
0 0.350781 0.771875 0.0578125 0.0729167 0.804201
0 0.219531 0.230208 0.0578125 0.08125 0.810174
0 0.14375 0.686458 0.05625 0.0854167 0.814298
0 0.351562 0.498958 0.05625 0.08125 0.816896
0 0.632812 0.677083 0.059375 0.0666667 0.817315
0 0.146875 0.326042 0.05625 0.0770833 0.818653
0 0.214844 0.501042 0.0578125 0.0729167 0.819075
0 0.488281 0.677083 0.0640625 0.0791667 0.823056
0 0.623438 0.590625 0.05625 0.0770833 0.823651
0 0.624219 0.859375 0.0578125 0.0854167 0.824064
0 0.351562 0.860417 0.05625 0.0833333 0.825336
0 0.215625 0.682292 0.059375 0.0770833 0.827082
0 0.417969 0.227083 0.0578125 0.0833333 0.829842
0 0.488281 0.320833 0.0578125 0.0791667 0.836632
0 0.354688 0.320833 0.0625 0.075 0.838461
0 0.354688 0.680208 0.0625 0.0854167 0.839834
0 0.417969 0.320833 0.0578125 0.0833333 0.839902
0 0.622656 0.319792 0.0578125 0.08125 0.840482
0 0.4875 0.76875 0.05625 0.075 0.843864
0 0.488281 0.5875 0.0578125 0.0791667 0.844631
0 0.284375 0.860417 0.0625 0.0791667 0.850149
0 0.557813 0.316667 0.0625 0.0791667 0.851017
0 0.285156 0.501042 0.0609375 0.0729167 0.8521
0 0.4875 0.858333 0.059375 0.0791667 0.852147
0 0.2875 0.228125 0.059375 0.08125 0.852451
0 0.421094 0.776042 0.0640625 0.08125 0.8533
0 0.219531 0.411458 0.0609375 0.0770833 0.85365
0 0.357031 0.409375 0.0640625 0.0770833 0.853729
0 0.284375 0.590625 0.0625 0.0854167 0.854448
0 0.285156 0.320833 0.0609375 0.075 0.85578
0 0.557813 0.5875 0.0625 0.0791667 0.856138
0 0.491406 0.494792 0.0609375 0.08125 0.857956
0 0.490625 0.227083 0.0625 0.0791667 0.858858
0 0.557031 0.766667 0.0546875 0.075 0.859316
0 0.352344 0.227083 0.0578125 0.0791667 0.859812
0 0.357812 0.592708 0.0625 0.0770833 0.860006
0 0.285156 0.683333 0.0640625 0.0791667 0.860756
0 0.489062 0.408333 0.065625 0.0791667 0.862959
0 0.278906 0.410417 0.0578125 0.0791667 0.864745
0 0.828125 0.859375 0.046875 0.0604167 0.865059
0 0.621094 0.410417 0.0609375 0.0791667 0.865381
0 0.417188 0.591667 0.059375 0.0833333 0.865756
0 0.417188 0.410417 0.059375 0.0833333 0.868468
0 0.220313 0.59375 0.0625 0.0833333 0.86905
0 0.285156 0.771875 0.0609375 0.0770833 0.87064
0 0.555469 0.226042 0.0578125 0.08125 0.87156
0 0.417969 0.861458 0.0578125 0.0854167 0.872393
0 0.557813 0.49375 0.059375 0.0791667 0.873753
0 0.220313 0.775 0.065625 0.0833333 0.875341
0 0.417188 0.678125 0.0625 0.0854167 0.877519
0 0.553906 0.678125 0.0578125 0.0854167 0.890356
0 0.220313 0.325 0.06875 0.0875 0.890657
0 0.55625 0.408333 0.065625 0.0833333 0.894518
0 0.553906 0.860417 0.0578125 0.0833333 0.902378
