0 0.321875 0.432292 0.059375 0.0770833 0.74397
0 0.674219 0.629167 0.0546875 0.0791667 0.792046
0 0.674219 0.539583 0.0546875 0.075 0.792481
0 0.682031 0.442708 0.0609375 0.0729167 0.793755
0 0.327344 0.341667 0.0609375 0.075 0.80231
0 0.678125 0.35 0.059375 0.075 0.803785
0 0.246875 0.71875 0.059375 0.0875 0.805768
0 0.253125 0.43125 0.053125 0.0791667 0.815006
0 0.320312 0.529167 0.05625 0.0916667 0.817923
0 0.251563 0.621875 0.065625 0.0770833 0.817998
0 0.75 0.260417 0.05625 0.0875 0.82124
0 0.538281 0.251042 0.0578125 0.0854167 0.825415
0 0.757031 0.159375 0.0578125 0.0729167 0.825819
0 0.392188 0.438542 0.0625 0.08125 0.826112
0 0.538281 0.346875 0.0609375 0.0770833 0.826673
0 0.394531 0.253125 0.0578125 0.0895833 0.827026
0 0.670313 0.728125 0.05625 0.0854167 0.829552
0 0.389844 0.717708 0.0609375 0.0770833 0.832246
0 0.255469 0.241667 0.0640625 0.0791667 0.83239
0 0.396094 0.158333 0.0578125 0.0958333 0.834276
0 0.744531 0.357292 0.0546875 0.0895833 0.837132
0 0.604688 0.81875 0.059375 0.0833333 0.838374
0 0.466406 0.436458 0.0609375 0.08125 0.839232
0 0.182812 0.61875 0.059375 0.0833333 0.83966
0 0.608594 0.35 0.0609375 0.0791667 0.839743
0 0.607813 0.726042 0.059375 0.0770833 0.839767
0 0.60625 0.533333 0.05625 0.0791667 0.840238
0 0.608594 0.255208 0.0609375 0.0854167 0.841296
0 0.330469 0.154167 0.0609375 0.0875 0.841882
0 0.332031 0.24375 0.0609375 0.075 0.842675
0 0.465625 0.530208 0.0625 0.0854167 0.845409
0 0.535156 0.53125 0.0578125 0.0791667 0.847968
0 0.259375 0.15 0.05625 0.0875 0.848313
0 0.602344 0.626042 0.0578125 0.08125 0.848322
0 0.394531 0.528125 0.0609375 0.08125 0.849141
0 0.460938 0.811458 0.05625 0.0854167 0.849201
0 0.244531 0.811458 0.0640625 0.08125 0.84994
0 0.317187 0.717708 0.059375 0.0854167 0.849979
0 0.666406 0.823958 0.0609375 0.09375 0.851731
0 0.461719 0.719792 0.0578125 0.0854167 0.852689
0 0.182812 0.808333 0.0625 0.075 0.854717
0 0.532812 0.721875 0.065625 0.0770833 0.856957
0 0.317187 0.626042 0.059375 0.0895833 0.857696
0 0.60625 0.440625 0.0625 0.08125 0.858649
0 0.535937 0.440625 0.065625 0.08125 0.863451
0 0.68125 0.160417 0.05625 0.0791667 0.865326
0 0.392188 0.342708 0.0625 0.08125 0.865399
0 0.25625 0.339583 0.059375 0.0833333 0.865513
0 0.395312 0.809375 0.059375 0.0729167 0.866294
0 0.464063 0.623958 0.0625 0.0854167 0.866537
0 0.257812 0.527083 0.059375 0.075 0.866966
0 0.682813 0.259375 0.0625 0.08125 0.867493
0 0.465625 0.252083 0.059375 0.0833333 0.868661
0 0.395312 0.626042 0.065625 0.0854167 0.869108
0 0.182812 0.709375 0.0625 0.0770833 0.869522
0 0.533594 0.816667 0.0640625 0.0791667 0.871463
0 0.317969 0.808333 0.0640625 0.0791667 0.873256
0 0.470313 0.34375 0.059375 0.075 0.873501
0 0.470313 0.159375 0.0625 0.0854167 0.876082
0 0.53125 0.625 0.059375 0.0833333 0.879584
0 0.610937 0.160417 0.0625 0.0833333 0.879825
0 0.546094 0.160417 0.0640625 0.0833333 0.894036
0 0.182812 0.523958 0.065625 0.0854167 0.899158
