0 0.35 0.5 0.059375 0.0791667 0.738626
0 0.347656 0.767708 0.0640625 0.0854167 0.775139
0 0.146875 0.586458 0.05625 0.0854167 0.778086
0 0.352344 0.230208 0.0546875 0.0854167 0.784196
0 0.142969 0.759375 0.0578125 0.08125 0.784992
0 0.344531 0.68125 0.0609375 0.0916667 0.797508
0 0.346875 0.414583 0.0625 0.0958333 0.797582
0 0.546875 0.33125 0.065625 0.0791667 0.798765
0 0.414062 0.679167 0.0625 0.075 0.804869
0 0.145313 0.675 0.059375 0.0833333 0.808425
0 0.354688 0.146875 0.059375 0.08125 0.813584
0 0.544531 0.59375 0.0609375 0.0916667 0.813803
0 0.214844 0.672917 0.0578125 0.0708333 0.816581
0 0.34375 0.591667 0.05625 0.0916667 0.818176
0 0.550781 0.153125 0.0609375 0.0854167 0.820299
0 0.15 0.49375 0.059375 0.0875 0.82153
0 0.74375 0.336458 0.059375 0.08125 0.821703
0 0.415625 0.503125 0.059375 0.0770833 0.828579
0 0.54375 0.422917 0.059375 0.0916667 0.829055
0 0.482812 0.677083 0.0625 0.0833333 0.829871
0 0.482031 0.503125 0.0515625 0.0770833 0.831083
0 0.482812 0.41875 0.0625 0.0916667 0.831375
0 0.214844 0.586458 0.0578125 0.0895833 0.833252
0 0.217187 0.323958 0.05625 0.0854167 0.833735
0 0.683594 0.691667 0.0671875 0.0916667 0.834121
0 0.357812 0.325 0.065625 0.0875 0.834223
0 0.679688 0.598958 0.05 0.08125 0.834774
0 0.546875 0.24375 0.065625 0.0916667 0.835052
0 0.742188 0.604167 0.05625 0.0791667 0.836879
0 0.420312 0.591667 0.065625 0.0916667 0.838125
0 0.419531 0.409375 0.0640625 0.0854167 0.838208
0 0.614844 0.155208 0.0640625 0.0895833 0.838402
0 0.282031 0.7625 0.0609375 0.0875 0.83848
0 0.54375 0.510417 0.059375 0.0833333 0.838887
0 0.288281 0.142708 0.0578125 0.08125 0.839136
0 0.414062 0.76875 0.059375 0.0833333 0.839486
0 0.6125 0.508333 0.0625 0.0791667 0.839857
0 0.542188 0.688542 0.059375 0.09375 0.84115
0 0.285156 0.5 0.0609375 0.0916667 0.843032
0 0.614062 0.33125 0.0625 0.0875 0.843761
0 0.283594 0.5875 0.0640625 0.0916667 0.843892
0 0.680469 0.332292 0.0578125 0.09375 0.845719
0 0.614844 0.596875 0.0609375 0.0854167 0.846829
0 0.219531 0.759375 0.0640625 0.0895833 0.846981
0 0.220313 0.49375 0.065625 0.0916667 0.847454
0 0.420312 0.14375 0.0625 0.0875 0.84812
0 0.613281 0.421875 0.0609375 0.09375 0.849655
0 0.748438 0.159375 0.065625 0.0895833 0.853788
0 0.221094 0.142708 0.0640625 0.08125 0.853944
0 0.479688 0.769792 0.053125 0.0770833 0.854338
0 0.610937 0.688542 0.059375 0.0895833 0.855112
0 0.745313 0.24375 0.0625 0.0875 0.855741
0 0.416406 0.236458 0.0578125 0.08125 0.856483
0 0.286719 0.230208 0.0609375 0.0854167 0.858545
0 0.220313 0.227083 0.065625 0.0916667 0.859019
0 0.282813 0.675 0.065625 0.0875 0.859625
0 0.682813 0.776042 0.065625 0.08125 0.860915
0 0.220313 0.409375 0.065625 0.0854167 0.863463
0 0.482812 0.326042 0.065625 0.0979167 0.863734
0 0.683594 0.15625 0.0640625 0.0833333 0.865143
0 0.282813 0.409375 0.0625 0.0895833 0.867333
0 0.485156 0.151042 0.0671875 0.0895833 0.868838
0 0.745313 0.777083 0.065625 0.0833333 0.869881
0 0.609375 0.775 0.05625 0.0833333 0.870364
0 0.745313 0.510417 0.0625 0.0833333 0.873497
0 0.484375 0.238542 0.05625 0.0854167 0.874475
0 0.745313 0.426042 0.065625 0.09375 0.876236
0 0.285937 0.322917 0.06875 0.0958333 0.877041
0 0.621094 0.241667 0.0671875 0.0916667 0.8792
0 0.482812 0.592708 0.065625 0.0895833 0.879987
0 0.682813 0.510417 0.0625 0.0791667 0.886015
0 0.683594 0.425 0.0671875 0.0875 0.886836
0 0.683594 0.242708 0.0671875 0.0895833 0.890222
0 0.746094 0.692708 0.0671875 0.09375 0.897991
0 0.546094 0.775 0.0671875 0.0875 0.898846
0 0.420312 0.326042 0.06875 0.09375 0.903639
