0 0.911719 0.826042 0.0515625 0.0645833 0.746837
0 0.444531 0.4 0.0609375 0.0708333 0.753063
0 0.1875 0.314583 0.05 0.0666667 0.779485
0 0.251563 0.317708 0.05 0.0729167 0.790461
0 0.446875 0.570833 0.053125 0.075 0.793258
0 0.189844 0.486458 0.0515625 0.0729167 0.796054
0 0.448438 0.658333 0.053125 0.0791667 0.805155
0 0.645312 0.830208 0.053125 0.08125 0.807016
0 0.254687 0.485417 0.053125 0.075 0.807416
0 0.320312 0.829167 0.05625 0.0833333 0.810991
0 0.710938 0.741667 0.0625 0.075 0.813652
0 0.578906 0.314583 0.0609375 0.075 0.816737
0 0.188281 0.396875 0.0515625 0.0770833 0.819505
0 0.579687 0.485417 0.05625 0.075 0.823692
0 0.453906 0.74375 0.0609375 0.0791667 0.825245
0 0.382812 0.313542 0.05625 0.0770833 0.826283
0 0.442969 0.227083 0.0609375 0.0791667 0.827909
0 0.253906 0.228125 0.0515625 0.0645833 0.828881
0 0.444531 0.31875 0.0546875 0.0791667 0.829241
0 0.576563 0.228125 0.053125 0.08125 0.830296
0 0.644531 0.74375 0.0578125 0.075 0.831069
0 0.383594 0.397917 0.0515625 0.075 0.831418
0 0.578906 0.396875 0.0515625 0.0729167 0.831571
0 0.315625 0.4 0.059375 0.075 0.832339
0 0.446094 0.488542 0.0546875 0.08125 0.833235
0 0.189063 0.56875 0.059375 0.0708333 0.834744
0 0.709375 0.315625 0.059375 0.0729167 0.834877
0 0.317969 0.226042 0.0578125 0.08125 0.835963
0 0.645312 0.395833 0.059375 0.0791667 0.836997
0 0.5125 0.314583 0.05625 0.075 0.837679
0 0.253125 0.395833 0.05 0.075 0.837747
0 0.254687 0.567708 0.05 0.0729167 0.840329
0 0.254687 0.828125 0.05625 0.08125 0.840631
0 0.5125 0.396875 0.05625 0.0770833 0.841816
0 0.1875 0.226042 0.05625 0.0854167 0.842008
0 0.317187 0.569792 0.0625 0.0770833 0.843268
0 0.710938 0.659375 0.059375 0.0770833 0.843446
0 0.384375 0.485417 0.05625 0.075 0.844926
0 0.711719 0.829167 0.0578125 0.0791667 0.845272
0 0.511719 0.485417 0.0578125 0.075 0.845873
0 0.384375 0.742708 0.065625 0.0770833 0.846337
0 0.316406 0.314583 0.0546875 0.0708333 0.847184
0 0.582812 0.74375 0.059375 0.075 0.847573
0 0.192969 0.829167 0.0609375 0.0833333 0.847716
0 0.389062 0.827083 0.0625 0.0833333 0.850226
0 0.709375 0.397917 0.053125 0.075 0.851883
0 0.454688 0.828125 0.05625 0.08125 0.855279
0 0.582812 0.826042 0.059375 0.0770833 0.857394
0 0.642969 0.226042 0.0609375 0.0854167 0.85768
0 0.710156 0.485417 0.0640625 0.0791667 0.859977
0 0.319531 0.742708 0.0671875 0.0770833 0.861048
0 0.514063 0.569792 0.05625 0.0770833 0.862493
0 0.316406 0.4875 0.0546875 0.075 0.862974
0 0.385156 0.65625 0.0578125 0.0791667 0.863503
0 0.380469 0.225 0.0546875 0.0833333 0.866828
0 0.51875 0.829167 0.05625 0.0833333 0.867488
0 0.316406 0.660417 0.0578125 0.0791667 0.867873
0 0.384375 0.570833 0.05625 0.075 0.86793
0 0.253125 0.660417 0.05625 0.075 0.868084
0 0.5125 0.225 0.059375 0.0833333 0.868341
0 0.642187 0.3125 0.0625 0.0875 0.869105
0 0.641406 0.488542 0.0546875 0.0770833 0.87069
0 0.253906 0.74375 0.0546875 0.0791667 0.871875
0 0.646094 0.576042 0.0640625 0.08125 0.872728
0 0.709375 0.572917 0.059375 0.075 0.872779
0 0.580469 0.571875 0.0546875 0.0770833 0.875148
0 0.516406 0.660417 0.0609375 0.0791667 0.877221
0 0.578906 0.660417 0.0578125 0.0791667 0.877641
0 0.516406 0.744792 0.0609375 0.08125 0.878752
0 0.646094 0.661458 0.0609375 0.08125 0.888783
0 0.191406 0.74375 0.0578125 0.075 0.889839
0 0.190625 0.659375 0.05625 0.06875 0.890165
