0 0.321094 0.43125 0.0671875 0.0708333 0.711852
0 0.675 0.629167 0.053125 0.0791667 0.784493
0 0.682031 0.442708 0.0609375 0.0770833 0.800441
0 0.31875 0.527083 0.059375 0.0833333 0.802673
0 0.392969 0.4375 0.0578125 0.0833333 0.803093
0 0.672656 0.539583 0.0546875 0.075 0.803891
0 0.246094 0.717708 0.0609375 0.0895833 0.805644
0 0.251563 0.622917 0.059375 0.0875 0.818125
0 0.332031 0.341667 0.0609375 0.075 0.819267
0 0.746094 0.35625 0.0578125 0.0875 0.820877
0 0.394531 0.251042 0.0578125 0.0895833 0.82223
0 0.538281 0.347917 0.0609375 0.075 0.822746
0 0.749219 0.259375 0.0578125 0.0895833 0.823737
0 0.541406 0.253125 0.0671875 0.0729167 0.825407
0 0.332031 0.24375 0.0609375 0.0708333 0.826038
0 0.601562 0.819792 0.0625 0.0895833 0.826238
0 0.608594 0.347917 0.0578125 0.0833333 0.826307
0 0.397656 0.159375 0.0578125 0.0979167 0.826541
0 0.682031 0.34375 0.0578125 0.0708333 0.831136
0 0.757031 0.160417 0.0578125 0.0708333 0.831634
0 0.392188 0.71875 0.06875 0.075 0.832172
0 0.395312 0.529167 0.0625 0.0833333 0.837271
0 0.244531 0.811458 0.0640625 0.0854167 0.837567
0 0.180469 0.619792 0.0640625 0.0854167 0.838724
0 0.667969 0.821875 0.0609375 0.09375 0.838809
0 0.464063 0.436458 0.059375 0.08125 0.841083
0 0.607031 0.534375 0.0546875 0.08125 0.841871
0 0.255469 0.430208 0.0515625 0.0770833 0.843223
0 0.536719 0.530208 0.0578125 0.08125 0.844657
0 0.465625 0.530208 0.0625 0.0854167 0.844814
0 0.257031 0.526042 0.0609375 0.0770833 0.845222
0 0.670313 0.728125 0.05625 0.0895833 0.845848
0 0.260156 0.152083 0.0546875 0.0916667 0.849295
0 0.610156 0.254167 0.0609375 0.0875 0.85032
0 0.332031 0.155208 0.0609375 0.08125 0.851394
0 0.317187 0.626042 0.059375 0.0895833 0.851466
0 0.182812 0.710417 0.059375 0.075 0.851891
0 0.258594 0.24375 0.0578125 0.075 0.851905
0 0.461719 0.719792 0.0578125 0.0895833 0.854701
0 0.460938 0.811458 0.05625 0.0854167 0.857055
0 0.253906 0.339583 0.0609375 0.0791667 0.85761
0 0.60625 0.440625 0.059375 0.08125 0.85816
0 0.182812 0.809375 0.0625 0.0770833 0.86086
0 0.683594 0.259375 0.0640625 0.0895833 0.863364
0 0.182031 0.525 0.0609375 0.0833333 0.86424
0 0.464063 0.623958 0.0625 0.0854167 0.864316
0 0.392969 0.342708 0.0578125 0.08125 0.864368
0 0.603125 0.626042 0.05625 0.08125 0.864392
0 0.68125 0.1625 0.05625 0.0833333 0.865183
0 0.535937 0.438542 0.059375 0.08125 0.867031
0 0.465625 0.253125 0.059375 0.08125 0.867729
0 0.532812 0.721875 0.06875 0.0729167 0.867805
0 0.545313 0.159375 0.0625 0.08125 0.87001
0 0.395312 0.810417 0.059375 0.075 0.870188
0 0.533594 0.816667 0.0671875 0.0791667 0.871603
0 0.316406 0.714583 0.0640625 0.0833333 0.87203
0 0.471094 0.159375 0.0640625 0.0854167 0.873993
0 0.6125 0.159375 0.0625 0.0854167 0.874674
0 0.31875 0.808333 0.065625 0.0791667 0.875228
0 0.532812 0.625 0.059375 0.0833333 0.875417
0 0.470313 0.34375 0.0625 0.0791667 0.875956
0 0.396094 0.626042 0.0640625 0.0854167 0.88592
0 0.608594 0.726042 0.0609375 0.0770833 0.894751
