0 0.494531 0.267708 0.0609375 0.0729167 0.759194
0 0.171094 0.528125 0.0484375 0.08125 0.76431
0 0.892187 0.777083 0.046875 0.0666667 0.770223
0 0.172656 0.696875 0.0484375 0.0770833 0.770973
0 0.301562 0.26875 0.05 0.075 0.776209
0 0.497656 0.695833 0.0515625 0.0791667 0.797501
0 0.171875 0.615625 0.053125 0.08125 0.800053
0 0.300781 0.355208 0.0515625 0.0770833 0.8009
0 0.2375 0.608333 0.065625 0.075 0.801232
0 0.170312 0.7875 0.053125 0.0833333 0.811249
0 0.304688 0.779167 0.05625 0.075 0.811285
0 0.16875 0.360417 0.05 0.0833333 0.813148
0 0.303125 0.182292 0.059375 0.0770833 0.813561
0 0.304688 0.527083 0.059375 0.0791667 0.814499
0 0.167969 0.1875 0.0484375 0.0916667 0.815252
0 0.496875 0.4375 0.05625 0.075 0.816357
0 0.432813 0.265625 0.05 0.0729167 0.816774
0 0.239063 0.78125 0.05625 0.0708333 0.8174
0 0.495313 0.785417 0.05625 0.0833333 0.818105
0 0.564844 0.78125 0.0578125 0.0791667 0.818172
0 0.236719 0.35625 0.0546875 0.075 0.819848
0 0.496094 0.527083 0.0546875 0.0791667 0.820242
0 0.432031 0.608333 0.0640625 0.075 0.82083
0 0.691406 0.433333 0.0609375 0.0708333 0.822246
0 0.69375 0.695833 0.05625 0.0791667 0.822933
0 0.307813 0.442708 0.059375 0.06875 0.824172
0 0.63125 0.78125 0.053125 0.0791667 0.825213
0 0.495313 0.18125 0.059375 0.0833333 0.825331
0 0.433594 0.351042 0.0546875 0.0729167 0.825487
0 0.365625 0.265625 0.059375 0.0770833 0.825698
0 0.563281 0.522917 0.0546875 0.0791667 0.8257
0 0.2375 0.184375 0.05625 0.08125 0.827149
0 0.435156 0.78125 0.0546875 0.075 0.827715
0 0.240625 0.69375 0.053125 0.0791667 0.828206
0 0.495313 0.611458 0.059375 0.0770833 0.82823
0 0.304688 0.611458 0.05625 0.0770833 0.829336
0 0.495313 0.35625 0.053125 0.0791667 0.830273
0 0.169531 0.442708 0.0515625 0.08125 0.831937
0 0.695312 0.259375 0.0625 0.0770833 0.833024
0 0.235938 0.269792 0.05625 0.0770833 0.833918
0 0.366406 0.783333 0.0546875 0.075 0.835862
0 0.563281 0.351042 0.0578125 0.08125 0.837998
0 0.236719 0.4375 0.0578125 0.075 0.839456
0 0.369531 0.69375 0.0578125 0.0791667 0.840669
0 0.629687 0.261458 0.05625 0.0770833 0.841041
0 0.238281 0.525 0.0578125 0.0833333 0.842919
0 0.365625 0.436458 0.0625 0.0729167 0.84363
0 0.365625 0.35625 0.053125 0.075 0.84424
0 0.692969 0.782292 0.0640625 0.0770833 0.8445
0 0.303125 0.692708 0.05 0.0770833 0.844511
0 0.564062 0.263542 0.059375 0.08125 0.846073
0 0.171094 0.272917 0.0640625 0.0791667 0.847286
0 0.370313 0.611458 0.059375 0.0729167 0.848049
0 0.629687 0.434375 0.053125 0.0729167 0.848427
0 0.692187 0.607292 0.065625 0.0770833 0.848969
0 0.561719 0.176042 0.0609375 0.0895833 0.850081
0 0.692187 0.523958 0.05625 0.0729167 0.852341
0 0.630469 0.692708 0.0546875 0.08125 0.853709
0 0.370313 0.527083 0.0625 0.0791667 0.85374
0 0.365625 0.179167 0.059375 0.075 0.854354
0 0.433594 0.692708 0.0546875 0.0770833 0.854455
0 0.567187 0.692708 0.0625 0.08125 0.854547
0 0.564062 0.436458 0.059375 0.0770833 0.855348
0 0.435156 0.178125 0.0578125 0.0770833 0.855671
0 0.692187 0.347917 0.059375 0.075 0.855774
0 0.632031 0.347917 0.0640625 0.075 0.856081
0 0.432031 0.438542 0.0578125 0.0729167 0.860267
0 0.632812 0.177083 0.059375 0.075 0.860465
0 0.43125 0.522917 0.059375 0.0791667 0.866727
0 0.564062 0.608333 0.065625 0.0791667 0.867865
0 0.632812 0.526042 0.0625 0.0770833 0.869402
0 0.628906 0.610417 0.0578125 0.0791667 0.878259
