0 0.0796875 0.676042 0.053125 0.06875 0.734559
0 0.0796875 0.408333 0.05 0.0625 0.736865
0 0.148438 0.491667 0.05 0.075 0.756292
0 0.0789063 0.590625 0.0453125 0.0604167 0.76344
0 0.145313 0.316667 0.053125 0.0791667 0.768453
0 0.619531 0.394792 0.0578125 0.08125 0.7698
0 0.145313 0.403125 0.05625 0.0729167 0.775385
0 0.35625 0.760417 0.05625 0.0708333 0.778114
0 0.0796875 0.858333 0.05 0.0708333 0.778623
0 0.15 0.228125 0.053125 0.0770833 0.781294
0 0.144531 0.858333 0.0546875 0.0791667 0.791822
0 0.146094 0.673958 0.0578125 0.0770833 0.796982
0 0.0835937 0.7625 0.0421875 0.0708333 0.797192
0 0.621094 0.851042 0.0609375 0.08125 0.802853
0 0.623438 0.580208 0.059375 0.0770833 0.804588
0 0.420312 0.396875 0.059375 0.0854167 0.806
0 0.417969 0.66875 0.0609375 0.075 0.807752
0 0.35625 0.578125 0.05625 0.0645833 0.809438
0 0.214844 0.855208 0.0546875 0.08125 0.810009
0 0.0835937 0.490625 0.0546875 0.0770833 0.817046
0 0.353125 0.395833 0.05625 0.075 0.81779
0 0.353906 0.66875 0.0515625 0.075 0.820118
0 0.622656 0.759375 0.0546875 0.08125 0.822692
0 0.351562 0.854167 0.059375 0.0791667 0.822982
0 0.489062 0.397917 0.059375 0.075 0.823362
0 0.14375 0.5875 0.053125 0.0791667 0.826948
0 0.215625 0.403125 0.0625 0.0729167 0.828611
0 0.214844 0.585417 0.0578125 0.0791667 0.830302
0 0.285156 0.580208 0.0609375 0.0770833 0.83093
0 0.623438 0.310417 0.059375 0.0791667 0.831248
0 0.829687 0.845833 0.05625 0.0791667 0.833239
0 0.621875 0.491667 0.05625 0.0833333 0.83399
0 0.217969 0.763542 0.0578125 0.08125 0.834391
0 0.417969 0.580208 0.0578125 0.08125 0.835278
0 0.488281 0.667708 0.0578125 0.0770833 0.840734
0 0.488281 0.489583 0.0578125 0.0791667 0.847118
0 0.283594 0.397917 0.0609375 0.0708333 0.847507
0 0.220313 0.49375 0.0625 0.0833333 0.847557
0 0.488281 0.219792 0.0609375 0.08125 0.847718
0 0.557813 0.219792 0.0625 0.0729167 0.851664
0 0.283594 0.853125 0.0609375 0.0770833 0.852494
0 0.221094 0.226042 0.0640625 0.08125 0.853891
0 0.357031 0.309375 0.0609375 0.0729167 0.85429
0 0.285156 0.220833 0.0609375 0.0833333 0.855023
0 0.489844 0.576042 0.0640625 0.08125 0.856069
0 0.557031 0.394792 0.0578125 0.0770833 0.856667
0 0.41875 0.223958 0.05625 0.0895833 0.857683
0 0.4875 0.85 0.0625 0.0791667 0.860266
0 0.285156 0.671875 0.0609375 0.0770833 0.862868
0 0.557813 0.666667 0.05625 0.075 0.863108
0 0.283594 0.490625 0.0609375 0.0895833 0.863206
0 0.283594 0.760417 0.0609375 0.0833333 0.864227
0 0.489062 0.758333 0.059375 0.0791667 0.865493
0 0.417969 0.760417 0.0578125 0.0833333 0.866276
0 0.279687 0.311458 0.05625 0.0770833 0.86638
0 0.557031 0.576042 0.0640625 0.08125 0.868377
0 0.558594 0.848958 0.0640625 0.08125 0.868611
0 0.357812 0.226042 0.0625 0.0729167 0.87256
0 0.553906 0.492708 0.0578125 0.0770833 0.872582
0 0.416406 0.85625 0.0609375 0.0875 0.873734
0 0.416406 0.492708 0.0578125 0.08125 0.877977
0 0.420312 0.308333 0.06875 0.0791667 0.878882
0 0.220313 0.311458 0.059375 0.06875 0.882171
0 0.357812 0.492708 0.059375 0.0729167 0.882238
0 0.553906 0.760417 0.0578125 0.0791667 0.882655
0 0.489062 0.308333 0.065625 0.0791667 0.885724
0 0.221094 0.676042 0.0671875 0.0854167 0.887558
0 0.55625 0.30625 0.0625 0.0791667 0.889652
