0 0.171875 0.697917 0.053125 0.075 0.750275
0 0.16875 0.529167 0.05 0.0791667 0.792286
0 0.703125 0.609375 0.059375 0.0729167 0.795648
0 0.303906 0.351042 0.0578125 0.0770833 0.807971
0 0.370313 0.697917 0.059375 0.075 0.809124
0 0.703125 0.34375 0.059375 0.075 0.81399
0 0.238281 0.613542 0.0578125 0.0729167 0.815821
0 0.702344 0.432292 0.0578125 0.0770833 0.816093
0 0.303125 0.2625 0.053125 0.0833333 0.818046
0 0.303125 0.698958 0.046875 0.0729167 0.818539
0 0.571094 0.696875 0.0609375 0.08125 0.818855
0 0.435156 0.608333 0.0703125 0.0791667 0.820569
0 0.503906 0.348958 0.0609375 0.0729167 0.821373
0 0.171875 0.2625 0.0625 0.0916667 0.821854
0 0.303906 0.442708 0.0578125 0.0729167 0.82322
0 0.236719 0.697917 0.0515625 0.075 0.823649
0 0.2375 0.352083 0.053125 0.0791667 0.823693
0 0.302344 0.526042 0.0515625 0.08125 0.824124
0 0.703125 0.521875 0.059375 0.0729167 0.82546
0 0.502344 0.789583 0.0578125 0.0833333 0.828558
0 0.436719 0.698958 0.0546875 0.0770833 0.829558
0 0.503125 0.434375 0.053125 0.0729167 0.830499
0 0.567969 0.435417 0.0609375 0.075 0.831714
0 0.366406 0.4375 0.0546875 0.075 0.832426
0 0.508594 0.176042 0.0640625 0.0854167 0.835809
0 0.367188 0.35 0.053125 0.0791667 0.835882
0 0.436719 0.346875 0.0578125 0.08125 0.836496
0 0.503906 0.696875 0.0515625 0.0770833 0.836637
0 0.167969 0.354167 0.0515625 0.0833333 0.837113
0 0.502344 0.260417 0.0578125 0.0791667 0.837898
0 0.705469 0.784375 0.0640625 0.0770833 0.83865
0 0.503906 0.611458 0.0609375 0.0854167 0.838662
0 0.705469 0.696875 0.0578125 0.0770833 0.83867
0 0.367188 0.791667 0.053125 0.0833333 0.838704
0 0.236719 0.7875 0.0515625 0.0791667 0.839021
0 0.236719 0.435417 0.0546875 0.075 0.839735
0 0.169531 0.616667 0.0546875 0.0833333 0.840425
0 0.435937 0.435417 0.05625 0.075 0.840627
0 0.238281 0.2625 0.0578125 0.0875 0.841278
0 0.304688 0.6125 0.05625 0.0791667 0.843132
0 0.639063 0.696875 0.059375 0.08125 0.845406
0 0.435937 0.788542 0.05625 0.08125 0.845439
0 0.566406 0.169792 0.0578125 0.0770833 0.845834
0 0.303125 0.791667 0.05625 0.0708333 0.845872
0 0.707812 0.259375 0.0625 0.0854167 0.847383
0 0.635156 0.522917 0.0578125 0.0791667 0.847496
0 0.370313 0.527083 0.059375 0.0791667 0.848347
0 0.2375 0.525 0.059375 0.0833333 0.85091
0 0.167969 0.792708 0.0546875 0.08125 0.852729
0 0.367188 0.614583 0.05625 0.0791667 0.852806
0 0.636719 0.433333 0.0546875 0.0833333 0.854561
0 0.369531 0.260417 0.0609375 0.075 0.856768
0 0.635938 0.169792 0.053125 0.08125 0.857525
0 0.636719 0.786458 0.0609375 0.0854167 0.857962
0 0.567187 0.526042 0.053125 0.0854167 0.858359
0 0.435937 0.522917 0.0625 0.0791667 0.858614
0 0.366406 0.173958 0.0609375 0.08125 0.858693
0 0.4375 0.171875 0.059375 0.08125 0.859518
0 0.6375 0.608333 0.0625 0.0833333 0.859742
0 0.167969 0.440625 0.0546875 0.0770833 0.859787
0 0.636719 0.342708 0.0640625 0.08125 0.8616
0 0.435937 0.259375 0.0625 0.08125 0.86438
0 0.171875 0.176042 0.06875 0.0854167 0.865805
0 0.635156 0.257292 0.0609375 0.08125 0.868282
0 0.565625 0.348958 0.0625 0.08125 0.870894
0 0.235156 0.173958 0.0640625 0.0854167 0.872924
0 0.307813 0.177083 0.059375 0.0708333 0.875317
0 0.570312 0.261458 0.059375 0.08125 0.876476
0 0.570312 0.610417 0.059375 0.0791667 0.877749
0 0.566406 0.791667 0.0578125 0.0875 0.881883
0 0.507812 0.527083 0.0625 0.075 0.883157
