0 0.920313 0.292708 0.046875 0.0729167 0.713868
0 0.924219 0.55625 0.0546875 0.0791667 0.766649
0 0.932031 0.376042 0.0640625 0.0854167 0.799956
0 0.932031 0.726042 0.0609375 0.0854167 0.805696
0 0.928125 0.819792 0.0625 0.08125 0.80828
0 0.926562 0.907292 0.0625 0.0729167 0.810785
0 0.19375 0.285417 0.053125 0.0916667 0.81724
0 0.860156 0.2875 0.0515625 0.0833333 0.830905
0 0.791406 0.290625 0.0515625 0.0854167 0.833328
0 0.792969 0.81875 0.0578125 0.0875 0.841053
0 0.795313 0.728125 0.0625 0.0895833 0.846101
0 0.932813 0.642708 0.065625 0.0854167 0.849463
0 0.863281 0.817708 0.0609375 0.0895833 0.855055
0 0.796094 0.90625 0.0640625 0.0833333 0.856684
0 0.8625 0.726042 0.0625 0.0854167 0.857484
0 0.795313 0.640625 0.06875 0.08125 0.861453
0 0.861719 0.461458 0.0640625 0.08125 0.867129
0 0.8625 0.554167 0.0625 0.0833333 0.867133
0 0.794531 0.460417 0.0671875 0.0916667 0.872845
0 0.861719 0.641667 0.0609375 0.0833333 0.87725
0 0.859375 0.373958 0.05625 0.0854167 0.878081
0 0.790625 0.555208 0.065625 0.09375 0.882393
0 0.861719 0.90625 0.0578125 0.0875 0.889172
