0 0.147656 0.680208 0.0546875 0.0729167 0.736289
0 0.144531 0.859375 0.0515625 0.08125 0.75408
0 0.623438 0.595833 0.053125 0.075 0.755624
0 0.420312 0.503125 0.059375 0.0770833 0.769071
0 0.217969 0.501042 0.0578125 0.06875 0.776168
0 0.217187 0.678125 0.059375 0.0770833 0.798276
0 0.225781 0.229167 0.0515625 0.0833333 0.800388
0 0.157813 0.591667 0.059375 0.075 0.803241
0 0.69375 0.329167 0.05625 0.0791667 0.803973
0 0.617969 0.867708 0.0640625 0.0729167 0.805647
0 0.347656 0.861458 0.0578125 0.08125 0.807358
0 0.421875 0.415625 0.059375 0.08125 0.808301
0 0.551562 0.865625 0.05625 0.0770833 0.809606
0 0.214844 0.76875 0.0578125 0.0708333 0.811877
0 0.35 0.685417 0.059375 0.0833333 0.811917
0 0.289062 0.5 0.059375 0.075 0.816125
0 0.49375 0.2375 0.0625 0.075 0.822783
0 0.346875 0.773958 0.059375 0.0770833 0.822977
0 0.2125 0.85625 0.05625 0.0791667 0.823547
0 0.222656 0.325 0.0578125 0.0833333 0.827798
0 0.629687 0.419792 0.059375 0.0770833 0.832298
0 0.415625 0.863542 0.059375 0.08125 0.834343
0 0.21875 0.4125 0.0625 0.0791667 0.835286
0 0.354688 0.411458 0.059375 0.08125 0.837116
0 0.557031 0.684375 0.0609375 0.0770833 0.839461
0 0.495313 0.325 0.0625 0.0791667 0.84201
0 0.417969 0.592708 0.0546875 0.08125 0.844088
0 0.488281 0.684375 0.0578125 0.08125 0.844667
0 0.217187 0.589583 0.053125 0.075 0.844808
0 0.417969 0.686458 0.0546875 0.0854167 0.846184
0 0.296094 0.326042 0.0640625 0.08125 0.847533
0 0.490625 0.417708 0.0625 0.0770833 0.847945
0 0.560938 0.41875 0.059375 0.0791667 0.848067
0 0.630469 0.327083 0.0515625 0.0791667 0.849279
0 0.619531 0.69375 0.0546875 0.0791667 0.849381
0 0.692187 0.422917 0.053125 0.0791667 0.85052
0 0.485938 0.860417 0.059375 0.0791667 0.851496
0 0.361719 0.23125 0.0578125 0.0833333 0.852077
0 0.285156 0.68125 0.0609375 0.0833333 0.852518
0 0.357812 0.5 0.05625 0.075 0.85607
0 0.563281 0.236458 0.0578125 0.0854167 0.859285
0 0.29375 0.230208 0.059375 0.0854167 0.859988
0 0.295312 0.411458 0.059375 0.0729167 0.860397
0 0.430469 0.233333 0.0546875 0.075 0.861515
0 0.632812 0.509375 0.0625 0.06875 0.862023
0 0.485156 0.776042 0.0609375 0.08125 0.863964
0 0.28125 0.770833 0.05625 0.075 0.864099
0 0.286719 0.591667 0.0640625 0.0833333 0.867284
0 0.490625 0.503125 0.059375 0.0770833 0.869342
0 0.692187 0.242708 0.059375 0.0770833 0.869487
0 0.564062 0.326042 0.0625 0.08125 0.870897
0 0.357812 0.323958 0.0625 0.08125 0.871058
0 0.282813 0.861458 0.059375 0.08125 0.871231
0 0.491406 0.592708 0.0609375 0.08125 0.872648
0 0.432813 0.326042 0.0625 0.0770833 0.87279
0 0.560156 0.50625 0.0609375 0.0791667 0.878971
0 0.621094 0.777083 0.0609375 0.075 0.881497
0 0.553906 0.778125 0.0578125 0.08125 0.882327
0 0.55625 0.591667 0.059375 0.0791667 0.88311
0 0.421094 0.776042 0.0640625 0.08125 0.884717
0 0.358594 0.592708 0.0609375 0.0770833 0.889162
0 0.628906 0.24375 0.0578125 0.0791667 0.896578
